snapshot_id,timestamp,source_timestamp_reference,sync_spread_ms,ms.turntable.transfer,ms.turntable.conveyor,ms.sensor.conveyor,ms.turntable.saw,ms.transfer.turntable,ms.oven.slider_inside,ms.oven.slider_outside,ms.transfer.oven,ms.sensor.oven,ms.motor.turntable_cw,ms.motor.turntable_ccw,ms.motor.conveyor,ms.motor.saw,ms.motor.slider_in,ms.motor.slider_out,ms.motor.transfer_oven,ms.motor.transfer_turntable,ms.process.burn,ms.air.compressor,ms.valve.vacuum,ms.valve.transfer,ms.valve.oven_door,ms.valve.ejector,hbw.ref.horizontal,hbw.sensor.inside,hbw.sensor.outside,hbw.ref.vertical,hbw.ref.cantilever_front,hbw.ref.cantilever_back,hbw.sensor.trail_bottom,hbw.sensor.trail_top,hbw.motor.conveyor_forward,hbw.motor.conveyor_backward,hbw.motor.crane_rack,hbw.motor.crane_conveyor,hbw.motor.crane_down,hbw.motor.crane_up,hbw.motor.cantilever_forward,hbw.motor.cantilever_backward,hbw.encoder.horizontal1,hbw.encoder.horizontal2,hbw.encoder.vertical1,hbw.encoder.vertical2,c.ref.vertical,c.ref.horizontal,c.ref.rotate,c.motor.up,c.motor.down,c.motor.backward,c.motor.forward,c.motor.cw,c.motor.ccw,c.air.compressor,c.valve.vacuum,c.encoder.vertical1,c.encoder.vertical2,c.encoder.horizontal1,c.encoder.horizontal2,c.encoder.rotate1,c.encoder.rotate2,pm.sensor.entry,pm.sensor.tool,pm.ref.top,pm.ref.bottom,pm.motor.conveyor_forward,pm.motor.conveyor_backward,pm.motor.tool_up,pm.motor.tool_down,sl.sensor.pulse,sl.sensor.before_color,sl.sensor.after_color,sl.sensor.white,sl.sensor.red,sl.sensor.blue,sl.motor.conveyor,sl.air.compressor,sl.valve.white,sl.valve.red,sl.valve.blue,sl.sensor.color_value,local.crane_coord_h,local.crane_coord_v,local.crane_coord_r
392,2026-09-25T11:40:08.219975+00:00,2026-09-25T13:09:13.566708+00:00,120.007,False,False,False,False,False,False,True,False,False,False,False,False,False,False,False,True,False,False,False,False,False,False,False,False,True,True,False,False,False,True,False,False,False,False,False,False,False,True,False,True,False,True,False,True,True,True,False,False,False,False,False,False,False,False,False,False,False,True,False,False,True,True,False,True,False,False,False,False,True,True,True,False,True,False,False,False,False,False,False,0,0,0,0
393,2026-09-25T11:40:08.572871+00:00,2026-09-25T13:09:13.921728+00:00,99.006,False,False,False,False,False,False,True,False,False,False,False,False,False,False,False,True,False,False,False,False,False,False,False,False,True,True,False,False,False,True,False,False,False,False,False,False,False,True,False,True,False,True,False,True,True,True,False,False,False,False,False,False,False,False,False,False,False,True,False,False,True,True,False,True,False,False,False,False,True,True,True,False,True,False,False,False,False,False,False,0,0,0,0
394,2026-09-25T11:40:08.961240+00:00,2026-09-25T13:09:14.309750+00:00,134.00699999999998,False,False,False,False,False,False,True,False,False,False,False,False,False,False,False,True,False,False,False,False,False,False,False,False,True,True,False,False,False,True,False,False,False,False,False,False,False,True,False,True,False,True,False,True,True,True,False,False,False,False,False,False,False,False,False,False,False,True,False,False,True,True,False,True,False,False,False,False,True,True,True,False,True,False,False,False,False,False,False,0,0,0,0
395,2026-09-25T11:40:09.372072+00:00,2026-09-25T13:09:14.653770+00:00,89.005,False,False,False,False,False,False,True,False,False,False,False,False,False,False,False,True,False,False,False,False,False,False,False,False,True,True,False,False,False,True,False,False,False,False,False,False,False,True,False,True,False,True,False,True,True,True,False,False,False,False,False,False,False,False,False,False,False,True,False,False,True,True,False,True,False,False,False,False,True,True,True,False,True,False,False,False,False,False,False,1,0,0,0
396,2026-09-25T11:40:09.743890+00:00,2026-09-25T13:09:15.073794+00:00,99.006,False,False,False,False,False,False,True,False,False,False,False,False,False,False,False,True,False,False,False,False,False,False,False,False,True,True,False,False,False,True,False,False,False,False,False,False,False,True,False,True,False,True,False,True,True,True,False,False,False,False,False,False,False,False,False,False,False,True,False,False,True,True,False,True,False,False,False,False,True,True,True,False,True,False,False,False,False,False,False,0,0,0,0
397,2026-09-25T11:40:10.115061+00:00,2026-09-25T13:09:15.442815+00:00,96.005,False,False,False,False,False,False,True,False,False,False,False,False,False,False,False,True,False,False,False,False,False,False,False,False,True,True,False,False,False,True,False,False,False,False,False,False,False,True,False,True,False,True,False,True,True,True,False,False,False,False,False,False,False,False,False,False,False,True,False,False,True,True,False,True,False,False,False,False,True,True,True,False,True,False,False,False,False,False,False,0,0,0,0
398,2026-09-25T11:40:10.461783+00:00,2026-09-25T13:09:15.810836+00:00,93.00500000000001,False,False,False,False,False,False,True,False,False,False,False,False,False,False,False,True,False,False,False,False,False,False,False,False,True,True,False,False,False,True,False,False,False,False,False,False,False,True,False,True,False,True,False,True,True,True,False,False,False,False,False,False,False,False,False,False,False,True,False,False,True,True,False,True,False,False,False,False,True,True,True,False,True,False,False,False,False,False,False,1,0,0,0
399,2026-09-25T11:40:10.823628+00:00,2026-09-25T13:09:16.169857+00:00,103.006,False,False,False,False,False,False,True,False,False,False,False,False,False,False,False,True,False,False,False,False,False,False,False,False,True,True,False,True,False,True,False,False,False,False,False,True,False,False,False,True,False,False,False,True,True,True,False,False,False,False,False,False,False,False,False,False,False,True,False,False,True,True,False,True,False,False,False,False,True,True,True,False,True,False,False,False,False,False,False,1,0,0,0
400,2026-09-25T11:40:11.176984+00:00,2026-09-25T13:09:16.525877+00:00,99.006,False,False,False,False,False,False,True,False,False,False,False,False,False,False,False,True,False,False,False,False,False,False,False,False,True,True,False,True,False,True,False,False,False,False,False,False,False,False,True,True,False,True,False,True,True,True,False,False,False,False,False,False,False,False,False,False,False,True,False,False,True,True,False,True,False,False,False,False,True,True,True,False,True,False,False,False,False,False,False,0,0,0,0
401,2026-09-25T11:40:11.526160+00:00,2026-09-25T13:09:16.874897+00:00,95.00500000000001,False,False,False,False,False,False,True,False,False,False,False,False,False,False,False,True,False,False,False,False,False,False,False,False,True,True,False,False,False,True,False,False,False,False,False,False,False,False,True,True,False,True,False,True,True,True,False,False,False,False,False,False,False,False,False,False,False,True,False,False,True,True,False,True,False,False,False,False,True,True,True,False,True,False,False,False,False,False,False,0,0,0,0
402,2026-09-25T11:40:11.897961+00:00,2026-09-25T13:09:17.238918+00:00,109.006,False,False,False,False,False,False,True,False,False,False,False,False,False,False,False,True,False,False,False,False,False,False,False,False,True,True,False,False,False,True,False,False,False,False,False,False,False,False,True,True,False,True,False,True,True,True,False,False,False,False,False,False,False,False,False,False,False,True,False,False,True,True,False,True,False,False,False,False,True,True,True,False,True,False,False,False,False,False,False,0,0,0,0
403,2026-09-25T11:40:12.332041+00:00,2026-09-25T13:09:17.676943+00:00,176.01,False,False,False,False,False,False,True,False,False,False,False,False,False,False,False,True,False,False,False,False,False,False,False,False,True,True,False,False,False,True,False,False,False,False,False,False,False,False,True,True,False,True,False,True,True,True,False,False,False,False,False,False,False,False,False,False,False,True,False,False,True,True,False,True,False,False,False,False,True,True,True,False,True,False,False,False,False,False,False,0,0,0,0
404,2026-09-25T11:40:12.764999+00:00,2026-09-25T13:09:18.080966+00:00,142.00799999999998,False,False,False,False,False,False,True,False,False,False,False,False,False,False,False,True,False,False,False,False,False,False,False,False,True,True,False,False,False,True,False,False,False,False,False,False,False,False,True,True,False,True,False,True,True,True,False,False,False,False,False,False,False,False,False,False,False,True,False,False,True,True,False,True,False,False,False,False,True,True,True,False,True,False,False,False,False,False,False,0,0,0,0
405,2026-09-25T11:40:13.117188+00:00,2026-09-25T13:09:18.456987+00:00,90.005,False,False,False,False,False,False,True,False,False,False,False,False,False,False,False,True,False,False,False,False,False,False,False,False,True,True,False,False,False,True,False,False,False,False,False,False,False,False,True,True,False,True,False,True,True,True,False,False,False,False,False,False,False,False,False,False,False,True,False,False,True,True,False,True,False,False,False,False,True,True,True,False,True,False,False,False,False,False,False,0,0,0,0
406,2026-09-25T11:40:13.558307+00:00,2026-09-25T13:09:18.907013+00:00,91.005,False,False,False,False,False,False,True,True,False,False,False,False,False,False,False,False,False,False,True,False,True,False,False,False,True,True,False,False,False,True,False,False,False,False,False,False,False,False,True,True,False,True,False,True,True,True,False,False,False,False,False,False,False,False,False,False,False,True,False,False,True,True,False,True,False,False,False,False,True,True,True,False,True,False,False,False,False,False,False,0,0,0,0
407,2026-09-25T11:40:13.918485+00:00,2026-09-25T13:09:19.265034+00:00,104.006,False,False,False,False,False,False,True,True,False,False,False,False,False,False,False,False,False,False,True,False,True,False,False,False,True,True,False,False,False,True,False,False,False,False,False,False,False,False,True,True,False,True,False,True,True,True,False,False,False,False,False,False,False,False,False,False,False,True,False,False,True,True,False,True,False,False,False,False,True,True,True,False,True,False,False,False,False,False,False,0,0,0,0
408,2026-09-25T11:40:14.265524+00:00,2026-09-25T13:09:19.614054+00:00,89.005,False,False,False,False,False,False,True,True,False,False,False,False,False,False,False,False,False,False,True,True,False,False,False,False,True,True,False,False,False,True,False,False,False,False,False,False,False,False,True,True,False,True,False,True,True,True,False,False,False,False,False,False,False,False,False,False,False,True,False,False,True,True,False,True,False,False,False,False,True,True,True,False,True,False,False,False,False,False,False,0,0,0,0
409,2026-09-25T11:40:14.606205+00:00,2026-09-25T13:09:19.955073+00:00,87.005,False,False,False,False,False,False,True,False,True,False,False,False,False,False,False,False,True,False,True,True,False,False,False,False,True,True,False,False,True,True,False,False,False,False,True,True,False,False,False,True,True,False,False,True,True,True,False,False,False,False,False,False,False,False,False,False,False,True,False,False,True,True,False,True,False,False,False,False,True,True,True,False,True,False,False,False,False,False,False,0,0,0,0
410,2026-09-25T11:40:14.952814+00:00,2026-09-25T13:09:20.297093+00:00,89.005,False,False,False,False,False,False,True,False,True,False,False,False,False,False,False,False,True,False,True,True,False,False,False,False,True,True,False,False,True,True,False,False,False,False,True,True,False,False,False,True,True,True,True,True,True,True,False,False,False,False,False,False,False,False,False,False,False,True,False,False,True,True,False,True,False,False,False,False,True,True,True,False,True,False,False,False,False,False,False,0,0,0,0
411,2026-09-25T11:40:15.309990+00:00,2026-09-25T13:09:20.646113+00:00,88.005,False,False,False,False,False,False,True,False,True,False,False,False,False,False,False,False,True,False,True,True,False,False,False,False,True,True,False,False,True,True,False,False,False,False,True,True,False,False,False,True,True,False,False,True,True,True,False,False,False,False,False,False,False,False,False,False,False,True,False,False,True,True,False,True,False,False,False,False,True,True,True,False,True,False,False,False,False,False,False,0,0,0,0
412,2026-09-25T11:40:15.703645+00:00,2026-09-25T13:09:21.016134+00:00,99.006,False,False,False,False,False,False,True,False,True,False,False,False,False,False,False,False,True,False,True,True,False,False,False,False,True,True,False,False,True,True,False,False,False,False,True,True,False,False,False,True,True,True,True,True,True,True,False,False,False,False,False,False,False,False,False,False,False,True,False,False,True,True,False,True,False,False,False,False,True,True,True,False,True,False,False,False,False,False,False,0,0,0,0
413,2026-09-25T11:40:16.073611+00:00,2026-09-25T13:09:21.401156+00:00,91.005,False,False,False,False,False,False,True,False,True,False,False,False,False,False,False,False,True,False,True,True,False,False,False,False,True,True,False,False,True,True,False,False,False,False,True,False,False,False,False,True,True,True,False,True,True,True,False,False,False,False,False,False,False,False,False,False,False,True,False,False,True,True,False,True,False,False,False,False,True,True,True,False,True,False,False,False,False,False,False,0,0,0,0
414,2026-09-25T11:40:16.527306+00:00,2026-09-25T13:09:21.772177+00:00,92.00500000000001,False,False,False,False,False,False,True,False,True,False,False,False,False,False,False,False,True,False,True,True,False,False,False,False,True,True,False,False,True,True,False,False,False,False,True,False,False,False,False,True,False,True,False,True,True,True,False,False,False,False,False,False,False,False,False,False,False,True,False,False,True,True,False,True,False,False,False,False,True,True,True,False,True,False,False,False,False,False,False,1,0,0,0
415,2026-09-25T11:40:16.882403+00:00,2026-09-25T13:09:22.230203+00:00,88.005,False,False,False,False,False,False,True,False,True,False,False,False,False,False,False,False,True,False,True,True,False,False,False,False,True,True,False,False,True,True,False,False,False,False,True,False,False,False,False,False,False,True,False,True,True,True,False,False,False,False,False,False,False,False,False,False,False,True,False,False,True,True,False,True,False,False,False,False,True,True,True,False,True,False,False,False,False,False,False,0,0,0,0
416,2026-09-25T11:40:17.226691+00:00,2026-09-25T13:09:22.574223+00:00,90.005,False,False,False,False,False,False,True,False,True,False,False,False,False,False,False,False,True,False,True,True,False,False,False,False,True,True,False,False,True,True,False,False,False,False,True,False,False,False,False,True,False,True,False,True,True,True,False,False,False,False,False,False,False,False,False,False,False,True,False,False,True,True,False,True,False,False,False,False,True,True,True,False,True,False,False,False,False,False,False,0,0,0,0
417,2026-09-25T11:40:17.568588+00:00,2026-09-25T13:09:22.917243+00:00,88.005,False,False,False,False,False,False,True,False,True,False,False,False,False,False,False,False,True,False,True,True,False,False,False,False,True,True,False,False,True,True,False,False,False,False,True,False,False,False,False,True,True,True,False,True,True,True,False,False,False,False,False,False,False,False,False,False,False,True,False,False,True,True,False,True,False,False,False,False,True,True,True,False,True,False,False,False,False,False,False,0,0,0,0
418,2026-09-25T11:40:17.994025+00:00,2026-09-25T13:09:23.307265+00:00,107.006,False,False,False,False,False,False,True,False,True,False,False,False,False,False,False,False,True,False,True,True,False,False,False,False,True,True,False,False,True,True,False,False,False,False,True,False,False,False,False,True,True,True,False,True,True,True,False,False,False,False,False,False,False,False,False,False,False,True,False,False,True,True,False,True,False,False,False,False,True,True,True,False,True,False,False,False,False,False,False,0,0,0,0
419,2026-09-25T11:40:18.351410+00:00,2026-09-25T13:09:23.687287+00:00,90.006,False,False,False,False,False,False,True,False,True,False,False,False,False,False,False,False,True,False,True,True,False,False,False,False,True,True,False,False,True,True,False,False,False,False,True,False,False,False,False,False,True,True,False,True,True,True,False,False,False,False,False,False,False,False,False,False,False,True,False,False,True,True,False,True,False,False,False,False,True,True,True,False,True,False,False,False,False,False,False,0,0,0,0
420,2026-09-25T11:40:18.750869+00:00,2026-09-25T13:09:24.075309+00:00,93.00500000000001,False,False,False,False,False,False,True,False,True,False,False,False,False,False,False,False,True,False,True,True,False,False,False,False,True,True,False,False,True,True,False,False,False,False,True,False,False,False,False,True,True,True,False,True,True,True,False,False,False,False,False,False,False,False,False,False,False,True,False,False,True,True,False,True,False,False,False,False,True,True,True,False,True,False,False,False,False,False,False,0,0,0,0
421,2026-09-25T11:40:19.102060+00:00,2026-09-25T13:09:24.445330+00:00,90.005,False,False,False,False,False,False,True,False,True,False,False,False,False,False,False,False,True,False,True,True,False,False,False,False,True,True,False,False,True,True,False,False,False,False,True,False,False,False,False,False,False,True,False,True,True,True,False,False,False,False,False,False,False,False,False,False,False,True,False,False,True,True,False,True,False,False,False,False,True,True,True,False,True,False,False,False,False,False,False,0,0,0,0
422,2026-09-25T11:40:19.484804+00:00,2026-09-25T13:09:24.793350+00:00,89.005,False,False,False,False,False,False,True,False,True,False,False,False,False,False,False,False,True,False,True,True,False,False,False,False,True,True,False,False,True,True,False,False,False,False,True,False,False,False,False,False,False,True,False,True,True,True,False,False,False,False,False,False,False,False,False,False,False,True,False,False,True,True,False,True,False,False,False,False,True,True,True,False,True,False,False,False,False,False,False,0,0,0,0
423,2026-09-25T11:40:19.825785+00:00,2026-09-25T13:09:25.174372+00:00,86.005,False,False,False,False,False,False,True,False,True,False,False,False,False,False,False,False,True,False,True,True,False,False,False,False,True,True,False,False,True,True,False,False,False,False,True,False,False,False,False,True,True,True,False,True,True,True,False,False,False,False,False,False,False,False,False,False,False,True,False,False,True,True,False,True,False,False,False,False,True,True,True,False,True,False,False,False,False,False,False,0,0,0,0
424,2026-09-25T11:40:20.293367+00:00,2026-09-25T13:09:25.640398+00:00,86.005,False,False,False,False,False,False,True,False,True,False,False,False,False,False,False,False,True,False,True,True,False,False,False,False,True,True,False,False,True,True,False,False,False,False,True,False,False,False,False,True,True,True,False,True,True,True,False,False,False,False,False,False,False,False,False,False,False,True,False,False,True,True,False,True,False,False,False,False,True,True,True,False,True,False,False,False,False,False,False,0,0,0,0
425,2026-09-25T11:40:20.791395+00:00,2026-09-25T13:09:26.126426+00:00,93.00500000000001,False,False,False,False,False,False,True,False,True,False,False,False,False,False,False,False,True,False,True,True,False,False,False,False,True,True,False,False,False,True,False,False,False,False,False,False,False,True,False,True,False,True,False,True,True,True,False,False,False,False,False,False,False,False,False,False,False,True,False,False,True,True,False,True,False,False,False,False,True,True,True,False,True,False,False,False,False,False,False,0,0,0,0
426,2026-09-25T11:40:21.176187+00:00,2026-09-25T13:09:26.499447+00:00,106.006,False,False,False,False,False,False,True,False,True,False,False,False,False,False,False,False,True,False,True,True,False,False,False,False,True,True,False,False,False,True,False,False,False,False,False,False,False,True,False,True,False,True,False,True,True,True,False,False,False,False,False,False,False,False,False,False,False,True,False,False,True,True,False,True,False,False,False,False,True,True,True,False,True,False,False,False,False,False,False,0,0,0,0
427,2026-09-25T11:40:21.528862+00:00,2026-09-25T13:09:26.875469+00:00,96.005,False,False,False,False,False,False,True,False,True,False,False,False,False,False,False,False,True,False,True,True,False,False,False,False,True,True,False,False,False,True,False,False,False,False,False,False,False,True,False,True,False,True,False,True,True,True,False,False,False,False,False,False,False,False,False,False,False,True,False,False,True,True,False,True,False,False,False,False,True,True,True,False,True,False,False,False,False,False,False,0,0,0,0
428,2026-09-25T11:40:21.898684+00:00,2026-09-25T13:09:27.242490+00:00,103.006,False,False,False,False,False,False,True,False,True,False,False,False,False,False,False,False,True,False,True,True,False,False,False,False,True,True,False,False,False,True,False,False,False,False,False,False,False,True,False,True,False,True,False,True,True,True,False,False,False,False,False,False,False,False,False,False,False,True,False,False,True,True,False,True,False,False,False,False,True,True,True,False,True,False,False,False,False,False,False,0,0,0,0
429,2026-09-25T11:40:22.317428+00:00,2026-09-25T13:09:27.638513+00:00,136.00799999999998,False,False,False,False,False,False,True,False,True,False,False,False,False,False,False,False,True,False,True,True,False,False,False,False,True,True,False,False,False,True,False,False,False,False,False,False,False,True,False,True,False,True,False,True,True,True,False,False,False,False,False,False,False,False,False,False,False,True,False,False,True,True,False,True,False,False,False,False,True,True,True,False,True,False,False,False,False,False,False,0,0,0,0
430,2026-09-25T11:40:22.778288+00:00,2026-09-25T13:09:28.126541+00:00,177.011,False,False,False,False,True,False,True,False,True,False,False,False,False,False,False,False,False,False,True,True,True,False,False,False,True,True,False,False,False,True,False,False,False,False,False,False,False,True,False,True,False,True,False,True,True,True,False,False,False,False,False,False,False,False,False,False,False,True,False,False,True,True,False,True,False,False,False,False,True,True,True,False,True,False,False,False,False,False,False,0,0,0,0
431,2026-09-25T11:40:23.129311+00:00,2026-09-25T13:09:28.477561+00:00,93.006,False,False,False,False,True,False,True,False,True,False,False,False,False,False,False,False,False,False,True,False,True,False,False,False,True,True,False,False,False,True,False,False,False,False,False,False,False,True,False,True,False,True,False,True,True,True,False,False,False,False,False,False,False,False,False,False,False,True,False,False,True,True,False,True,False,False,False,False,True,True,True,False,True,False,False,False,False,False,False,0,0,0,0
432,2026-09-25T11:40:23.492670+00:00,2026-09-25T13:09:28.823580+00:00,89.005,False,False,False,False,True,False,True,False,True,False,False,False,False,False,False,False,False,False,True,False,True,False,False,False,True,True,False,False,False,True,False,False,False,False,False,False,False,True,False,True,False,True,False,True,True,True,False,False,False,False,False,False,False,False,False,False,False,True,False,False,True,True,False,True,False,False,False,False,True,True,True,False,True,False,False,False,False,False,False,0,0,0,0
433,2026-09-25T11:40:23.855804+00:00,2026-09-25T13:09:29.181601+00:00,87.005,False,False,False,False,True,False,True,False,True,False,False,False,False,False,False,False,False,False,True,False,True,False,False,False,True,True,False,True,False,True,False,False,False,False,False,False,True,False,False,True,False,True,False,True,True,True,False,False,False,False,False,False,False,False,False,False,False,True,False,False,True,True,False,True,False,False,False,False,True,True,True,False,True,False,False,False,False,False,False,0,0,0,0
434,2026-09-25T11:40:24.249215+00:00,2026-09-25T13:09:29.597625+00:00,89.005,False,False,False,False,True,False,True,False,True,False,False,False,False,False,False,False,False,False,True,False,True,False,False,False,True,True,False,True,False,True,False,False,False,False,False,False,False,False,True,True,False,False,False,True,True,True,False,False,False,False,False,False,False,False,False,False,False,True,False,False,True,True,False,True,False,False,False,False,True,True,True,False,True,False,False,False,False,False,False,0,0,0,0
435,2026-09-25T11:40:24.618454+00:00,2026-09-25T13:09:29.955645+00:00,91.005,False,False,False,False,True,False,True,False,True,False,False,False,False,False,False,False,False,False,True,False,False,False,False,False,True,True,False,False,False,True,False,False,False,False,False,False,False,False,True,True,False,False,False,True,True,True,False,False,False,False,False,False,False,False,False,False,False,True,False,False,True,True,False,True,False,False,False,False,True,True,True,False,True,False,False,False,False,False,False,0,0,0,0
436,2026-09-25T11:40:24.968585+00:00,2026-09-25T13:09:30.310665+00:00,89.005,False,False,False,False,True,False,True,False,True,True,False,False,False,False,False,False,False,False,False,False,False,False,False,False,True,True,False,False,False,True,False,False,False,False,False,False,False,False,True,True,False,False,False,True,True,True,False,False,False,False,False,False,False,False,False,False,False,True,False,False,True,True,False,True,False,False,False,False,True,True,True,False,True,False,False,False,False,False,False,0,0,0,0
437,2026-09-25T11:40:25.363836+00:00,2026-09-25T13:09:30.660685+00:00,90.005,False,False,False,False,True,False,True,False,True,True,False,False,False,False,False,False,False,False,False,False,False,False,False,False,True,True,False,False,False,True,False,False,False,False,False,False,False,False,True,True,False,False,False,True,True,True,False,False,False,False,False,False,False,False,False,False,False,True,False,False,True,True,False,True,False,False,False,False,True,True,True,False,True,False,False,False,False,False,False,0,0,0,0
438,2026-09-25T11:40:25.781486+00:00,2026-09-25T13:09:31.096710+00:00,123.007,False,False,False,False,True,False,True,False,True,True,False,False,False,False,False,False,False,False,False,False,False,False,False,False,True,True,False,False,False,True,False,False,False,False,False,False,False,False,True,True,False,False,False,True,True,True,False,False,False,False,False,False,False,False,False,False,False,True,False,False,True,True,False,True,False,False,False,False,True,True,True,False,True,False,False,False,False,False,False,1,0,0,0
439,2026-09-25T11:40:26.135417+00:00,2026-09-25T13:09:31.481732+00:00,96.005,False,False,False,False,True,False,True,False,True,True,False,False,False,False,False,False,False,False,False,False,False,False,False,False,True,True,False,False,False,True,False,False,False,False,False,False,False,False,True,True,False,False,False,True,True,True,False,False,False,False,False,False,False,False,False,False,False,True,False,False,True,True,False,True,False,False,False,False,True,True,True,False,True,False,False,False,False,False,False,0,0,0,0
440,2026-09-25T11:40:26.478647+00:00,2026-09-25T13:09:31.826752+00:00,90.005,False,False,False,True,True,False,True,False,True,False,False,False,True,False,False,False,False,False,False,False,False,False,False,False,True,True,False,False,False,True,False,False,False,False,False,False,False,False,True,True,False,False,False,True,True,True,False,False,False,False,False,False,False,False,False,False,False,True,False,False,True,True,False,True,False,False,False,False,True,True,True,False,True,False,False,False,False,False,False,0,0,0,0
441,2026-09-25T11:40:26.856340+00:00,2026-09-25T13:09:32.186773+00:00,92.00500000000001,False,False,False,True,True,False,True,False,True,False,False,False,True,False,False,False,False,False,False,False,False,False,False,False,True,True,False,False,False,True,False,False,False,False,False,False,False,False,True,True,False,False,False,True,True,True,False,False,False,False,False,False,False,False,False,False,False,True,False,False,True,True,False,True,False,False,False,False,True,True,True,False,True,False,False,False,False,False,False,0,0,0,0
442,2026-09-25T11:40:27.213701+00:00,2026-09-25T13:09:32.557794+00:00,99.006,False,False,False,True,True,False,True,False,True,False,False,False,True,False,False,False,False,False,False,False,False,False,False,False,True,True,False,False,False,True,False,False,False,False,False,False,False,False,True,True,False,False,False,True,True,True,False,False,False,False,False,False,False,False,False,False,False,True,False,False,True,True,False,True,False,False,False,False,True,True,True,False,True,False,False,False,False,False,False,0,0,0,0
443,2026-09-25T11:40:27.571874+00:00,2026-09-25T13:09:32.916815+00:00,93.006,False,False,False,True,True,False,True,False,True,False,False,False,True,False,False,False,False,False,False,False,False,False,False,False,True,True,False,False,True,True,False,False,False,False,True,False,False,False,False,False,False,False,False,True,True,True,False,False,False,False,False,False,False,False,False,False,False,True,False,False,True,True,False,True,False,False,False,False,True,True,True,False,True,False,False,False,False,False,False,1,0,0,0
444,2026-09-25T11:40:28.045823+00:00,2026-09-25T13:09:33.325838+00:00,147.008,False,False,False,False,True,False,True,False,True,True,False,False,False,False,False,False,False,False,False,False,False,False,False,False,True,True,False,False,True,True,False,False,False,False,True,False,False,False,False,True,True,False,False,True,True,True,False,False,False,False,False,False,False,False,False,False,False,True,False,False,True,True,False,True,False,False,False,False,True,True,True,False,True,False,False,False,False,False,False,0,0,0,0
445,2026-09-25T11:40:28.418367+00:00,2026-09-25T13:09:33.753862+00:00,104.006,False,True,False,False,True,False,True,False,True,False,False,False,False,False,False,False,False,False,True,False,False,False,True,False,True,True,False,False,True,True,False,False,False,False,True,False,False,False,False,False,False,False,False,True,True,True,False,False,False,False,False,False,False,False,False,False,False,True,False,False,True,True,False,True,False,False,False,False,True,True,True,False,True,False,False,False,False,False,False,0,0,0,0
446,2026-09-25T11:40:28.807822+00:00,2026-09-25T13:09:34.141885+00:00,106.006,False,True,False,False,True,False,True,False,True,False,False,False,False,False,False,False,False,False,True,False,False,False,True,False,True,True,False,False,True,True,False,False,False,False,True,False,False,False,False,False,False,False,False,True,True,True,False,False,False,False,False,False,False,False,False,False,False,True,False,False,True,True,False,True,False,False,False,False,True,True,True,False,True,False,False,False,False,False,False,0,0,0,0
447,2026-09-25T11:40:29.206621+00:00,2026-09-25T13:09:34.532907+00:00,99.006,False,True,False,False,True,False,True,False,True,False,False,True,False,False,False,False,False,False,True,False,False,False,False,False,True,True,False,False,True,True,False,False,False,False,True,False,False,False,False,False,False,False,False,True,True,True,False,False,False,False,False,False,False,False,False,False,False,True,False,False,True,True,False,True,False,False,False,False,True,True,True,False,True,False,True,False,False,False,False,1,0,0,0
448,2026-09-25T11:40:29.625644+00:00,2026-09-25T13:09:34.954931+00:00,91.005,False,True,False,False,True,False,True,False,True,False,False,True,False,False,False,False,False,False,True,False,False,False,False,False,True,True,False,False,True,True,False,False,False,False,True,False,False,False,False,False,False,False,False,True,True,True,False,False,False,False,False,False,False,False,False,False,False,True,False,False,True,True,False,True,False,False,False,False,True,True,True,False,True,False,True,False,False,False,False,0,0,0,0
449,2026-09-25T11:40:29.987667+00:00,2026-09-25T13:09:35.324952+00:00,97.005,False,True,False,False,True,False,True,False,True,False,False,True,False,False,False,False,False,False,True,False,False,False,False,False,True,True,False,False,True,True,False,False,False,False,True,False,False,False,False,False,False,False,False,True,True,True,False,False,False,False,False,False,False,False,False,False,False,True,False,False,True,True,False,True,False,False,False,False,True,True,True,False,True,False,True,False,False,False,False,0,0,0,0
450,2026-09-25T11:40:30.448187+00:00,2026-09-25T13:09:35.682973+00:00,91.005,False,True,False,False,True,False,True,False,True,False,False,True,False,False,False,False,False,False,True,False,False,False,False,False,True,True,False,False,True,True,False,False,False,False,True,False,False,False,False,False,True,False,False,True,True,True,False,False,False,False,False,False,False,False,False,False,False,True,False,False,True,True,False,True,False,False,False,False,True,True,True,False,True,False,True,False,False,False,False,0,0,0,0
451,2026-09-25T11:40:30.845815+00:00,2026-09-25T13:09:36.190002+00:00,111.00699999999999,False,True,False,False,True,False,True,False,True,False,False,True,False,False,False,False,False,False,True,False,False,False,False,False,True,True,False,False,True,True,False,False,False,False,True,False,False,False,False,False,False,False,False,True,True,True,False,False,False,False,False,False,False,False,False,False,False,True,False,False,True,True,False,True,False,False,False,False,False,True,True,False,True,False,True,False,False,False,False,0,0,0,0
452,2026-09-25T11:40:31.198013+00:00,2026-09-25T13:09:36.543022+00:00,94.00500000000001,False,True,False,False,True,False,True,False,True,False,False,True,False,False,False,False,False,False,True,False,False,False,False,True,True,True,False,False,False,True,False,False,False,False,False,False,False,True,False,False,True,False,False,True,False,False,False,False,False,True,False,True,False,False,False,False,False,False,False,False,True,True,False,True,False,False,False,False,True,False,True,False,True,False,True,False,False,False,False,0,48,0,47
453,2026-09-25T11:40:31.573984+00:00,2026-09-25T13:09:36.895042+00:00,95.00500000000001,False,False,False,False,True,False,True,False,True,False,True,False,False,False,False,False,False,False,False,False,False,False,False,True,True,True,False,False,False,True,False,False,False,False,False,False,False,True,False,False,True,False,False,True,False,False,False,False,False,True,False,True,False,False,False,False,False,False,False,True,True,True,False,True,False,False,False,False,True,False,True,False,True,False,True,False,False,False,False,0,121,0,117
454,2026-09-25T11:40:31.939911+00:00,2026-09-25T13:09:37.286064+00:00,109.006,False,False,False,False,True,False,True,False,True,False,True,False,False,False,False,False,False,False,False,False,False,False,False,True,True,True,False,False,False,True,False,False,False,False,False,False,False,True,False,False,True,False,False,True,False,False,False,False,False,False,False,True,False,False,False,False,True,False,True,False,True,True,False,True,False,False,False,False,True,True,True,False,True,False,True,False,False,False,False,0,175,0,195
455,2026-09-25T11:40:32.333961+00:00,2026-09-25T13:09:37.679087+00:00,130.008,False,False,False,False,True,False,True,False,True,False,True,False,False,False,False,False,False,False,False,False,False,False,False,True,True,True,False,False,False,True,False,False,False,False,False,False,False,True,False,False,True,False,False,True,False,False,False,False,False,False,False,True,False,False,False,False,True,False,False,False,True,True,False,True,False,False,False,False,True,True,True,False,True,False,True,False,False,False,False,0,175,0,273
456,2026-09-25T11:40:32.858233+00:00,2026-09-25T13:09:38.203117+00:00,170.01,False,False,False,False,True,False,True,False,True,False,True,False,False,False,False,False,False,False,False,False,False,False,False,True,True,True,False,False,False,True,False,False,False,False,False,False,False,True,False,False,True,False,False,True,False,False,False,False,False,False,False,True,False,False,False,False,True,False,False,False,True,True,False,True,False,False,False,False,True,True,True,False,True,False,True,False,False,False,False,0,175,0,377
457,2026-09-25T11:40:33.301377+00:00,2026-09-25T13:09:38.641142+00:00,175.01,True,False,False,False,True,False,True,False,True,False,False,False,False,False,False,False,False,False,False,False,False,False,False,True,True,True,False,False,False,True,False,False,False,False,False,False,False,True,False,False,True,False,False,True,False,False,False,False,False,False,False,True,False,False,False,False,True,False,False,False,True,True,False,True,False,False,False,False,True,True,True,False,True,False,True,False,False,False,False,0,175,0,464
458,2026-09-25T11:40:33.722638+00:00,2026-09-25T13:09:38.999162+00:00,95.00500000000001,True,False,False,False,True,False,True,False,True,False,False,False,False,False,False,False,False,False,False,False,False,False,False,True,True,True,False,False,False,True,False,False,False,False,False,False,False,True,False,False,True,False,False,True,False,False,False,False,False,False,False,True,False,False,False,False,True,False,False,True,True,True,False,True,False,False,False,False,True,True,True,False,True,False,True,False,False,False,False,0,175,0,536
459,2026-09-25T11:40:34.067040+00:00,2026-09-25T13:09:39.414186+00:00,89.005,True,False,False,False,True,False,True,False,True,False,False,False,False,False,False,False,False,False,False,False,False,False,False,True,True,True,False,False,False,True,False,False,False,False,False,False,False,True,False,False,True,False,False,True,False,False,False,False,False,False,False,True,False,False,False,False,True,False,False,True,True,True,False,True,False,False,False,False,False,True,True,False,True,False,True,False,False,False,False,0,175,0,619
460,2026-09-25T11:40:34.568367+00:00,2026-09-25T13:09:39.760206+00:00,90.005,True,False,False,False,True,False,True,False,True,False,False,False,False,False,False,False,False,False,False,False,False,False,False,True,True,True,False,True,False,True,False,False,False,False,False,True,False,False,False,False,True,False,False,True,False,False,False,False,False,False,False,True,False,False,False,False,True,False,False,True,True,True,False,True,False,False,False,False,True,True,False,False,True,False,True,False,False,False,False,0,175,0,688
461,2026-09-25T11:40:34.911079+00:00,2026-09-25T13:09:40.258234+00:00,88.005,True,False,False,False,True,False,True,False,True,False,False,False,False,False,False,False,False,False,False,False,False,False,False,True,False,True,False,True,False,True,False,False,False,False,False,True,False,False,False,False,True,True,True,True,False,False,False,False,False,False,False,True,False,False,False,False,True,False,False,True,True,True,False,True,False,False,False,False,True,True,True,False,True,False,True,False,False,False,False,0,175,0,787
462,2026-09-25T11:40:35.267185+00:00,2026-09-25T13:09:40.611255+00:00,93.006,True,False,False,False,True,False,True,False,True,False,False,False,False,False,False,False,False,False,False,False,False,False,False,True,False,True,False,True,False,True,False,False,False,False,False,True,False,False,False,False,True,False,False,True,False,False,False,False,False,False,False,True,False,False,False,False,True,False,True,False,True,True,False,True,False,False,False,False,False,True,True,False,True,False,True,False,False,False,False,0,175,0,857
463,2026-09-25T11:40:35.647457+00:00,2026-09-25T13:09:40.960275+00:00,92.006,True,False,False,False,True,False,True,False,True,False,False,False,False,False,False,False,False,False,False,False,False,False,False,True,False,True,False,True,False,True,False,False,False,False,False,True,False,False,False,False,True,False,True,True,False,False,False,False,False,False,False,True,False,False,False,False,True,False,False,True,True,True,False,True,False,False,False,False,False,True,True,False,True,False,False,True,False,False,False,0,175,0,927
464,2026-09-25T11:40:35.997882+00:00,2026-09-25T13:09:41.343297+00:00,94.006,True,False,False,False,True,False,True,False,True,False,False,False,False,False,False,False,False,False,False,False,False,False,False,True,False,True,False,True,False,True,False,True,False,False,False,False,False,False,False,False,True,True,False,True,False,False,False,False,False,False,False,True,False,False,False,False,True,False,True,False,True,True,False,True,False,False,False,False,True,True,True,False,False,False,False,True,False,True,False,0,175,0,1001
465,2026-09-25T11:40:36.414564+00:00,2026-09-25T13:09:41.701317+00:00,101.006,True,False,False,False,True,False,True,False,True,False,False,False,False,False,False,False,False,False,False,False,False,False,False,True,True,True,False,True,False,True,False,True,False,False,False,False,False,False,False,False,True,True,False,True,False,False,False,False,False,False,False,True,False,False,False,False,True,False,True,False,True,True,False,True,False,False,False,False,True,True,True,False,False,False,False,False,False,False,False,0,175,0,1074
466,2026-09-25T11:40:36.874325+00:00,2026-09-25T13:09:42.195345+00:00,178.01,True,False,False,False,True,False,True,False,True,False,False,False,False,False,False,False,False,False,False,False,False,False,False,True,True,False,False,True,False,True,False,False,False,False,False,False,False,False,False,False,True,True,False,True,False,False,False,False,False,False,False,True,False,False,False,False,True,False,True,False,True,True,False,True,False,False,False,False,True,True,True,False,False,False,False,False,False,False,False,0,175,0,1172
467,2026-09-25T11:40:37.279326+00:00,2026-09-25T13:09:42.585368+00:00,96.006,True,False,False,False,True,False,True,False,True,False,False,False,False,False,False,False,False,False,False,False,False,False,False,True,True,False,False,True,False,True,False,False,False,False,False,False,False,False,False,False,True,True,False,True,False,False,False,False,False,False,False,True,False,False,False,False,True,False,True,True,True,True,False,True,False,False,False,False,True,True,True,False,False,False,False,False,False,False,False,0,175,0,1250
468,2026-09-25T11:40:37.648747+00:00,2026-09-25T13:09:42.978390+00:00,97.006,True,False,False,False,True,False,True,False,True,False,False,False,False,False,False,False,False,False,False,False,False,False,False,True,True,False,False,True,False,True,False,False,False,False,False,False,False,False,False,False,True,True,False,True,False,False,False,False,False,False,False,True,False,False,False,False,True,False,False,True,True,True,False,True,False,False,False,False,True,True,True,False,False,False,False,False,False,False,False,0,175,0,1328
469,2026-09-25T11:40:38.037314+00:00,2026-09-25T13:09:43.372413+00:00,99.006,True,False,False,False,True,False,True,False,True,False,False,False,False,False,False,False,False,False,False,False,False,False,False,True,True,False,False,True,False,True,False,False,False,False,False,False,False,False,False,False,True,True,False,True,False,False,False,False,False,False,False,False,False,False,False,False,True,False,False,True,True,True,False,True,False,False,False,False,True,True,True,False,False,False,False,False,False,False,False,0,0,0,0
470,2026-09-25T11:40:38.411784+00:00,2026-09-25T13:09:43.736433+00:00,92.00500000000001,True,False,False,False,True,False,True,False,True,False,False,False,False,False,False,False,False,False,False,False,False,False,False,True,True,False,False,True,False,True,False,False,False,False,False,False,False,False,False,False,True,True,False,True,False,False,False,False,False,False,False,False,False,False,False,False,True,False,False,True,True,True,False,True,False,False,False,False,True,True,True,False,False,False,False,False,False,False,False,0,0,0,0
471,2026-09-25T11:40:38.788957+00:00,2026-09-25T13:09:44.109455+00:00,92.006,True,False,False,False,True,False,True,False,True,False,False,False,False,False,False,False,False,False,False,False,False,False,False,True,True,False,False,True,False,True,False,False,False,False,False,False,False,False,False,False,True,True,False,True,False,False,False,True,False,False,False,False,False,False,True,False,True,False,False,True,True,True,False,True,False,False,False,False,True,True,True,False,False,False,False,False,False,False,False,0,0,9,0
472,2026-09-25T11:40:39.140131+00:00,2026-09-25T13:09:44.483476+00:00,93.00500000000001,True,False,False,False,True,False,True,False,True,False,False,False,False,False,False,False,False,False,False,False,False,False,False,True,True,False,False,True,False,True,False,False,False,False,False,False,False,False,False,False,True,True,False,False,False,False,False,True,False,False,False,False,False,False,True,True,True,False,False,True,True,True,False,True,False,False,False,False,True,True,True,False,False,False,False,False,False,False,False,0,0,89,0
473,2026-09-25T11:40:39.505988+00:00,2026-09-25T13:09:44.843497+00:00,100.006,True,False,False,False,True,False,True,False,True,False,False,False,False,False,False,False,False,False,False,False,False,False,False,True,True,False,False,True,False,True,False,False,False,False,False,False,False,False,False,False,True,True,False,False,False,False,True,False,False,False,False,False,True,True,True,False,True,False,False,True,True,True,False,True,False,False,False,False,True,True,True,False,False,False,False,False,False,False,False,0,0,0,0
474,2026-09-25T11:40:39.931969+00:00,2026-09-25T13:09:45.216518+00:00,105.006,True,False,False,False,True,False,True,False,True,False,False,False,False,False,False,False,False,False,False,False,False,False,False,True,True,False,False,True,False,True,False,False,False,False,False,False,False,False,False,False,True,True,False,False,False,False,True,False,False,False,False,False,True,True,False,False,True,False,False,True,True,True,False,True,False,False,False,False,True,True,True,False,False,False,False,False,False,False,False,0,0,0,0
475,2026-09-25T11:40:40.317898+00:00,2026-09-25T13:09:45.632542+00:00,97.006,True,False,False,False,True,False,True,False,True,False,False,False,False,False,False,False,False,False,False,False,False,False,False,True,True,False,False,True,False,True,False,False,False,False,False,False,False,False,False,False,True,True,False,False,False,False,True,False,False,False,False,False,True,True,False,True,True,False,False,True,True,True,False,True,False,False,False,False,True,True,True,False,False,False,False,False,False,False,False,0,0,0,0
476,2026-09-25T11:40:40.698547+00:00,2026-09-25T13:09:46.010563+00:00,91.005,True,False,False,False,True,False,True,False,True,False,False,False,False,False,False,False,False,False,False,False,False,False,False,True,True,False,False,True,False,True,False,False,False,False,False,False,False,False,False,False,True,True,False,True,False,False,False,False,True,False,False,False,True,True,True,False,False,False,False,True,True,True,False,True,False,False,False,False,True,True,True,False,False,False,False,False,False,False,False,0,0,0,0
477,2026-09-25T11:40:41.055355+00:00,2026-09-25T13:09:46.396586+00:00,96.006,True,False,False,False,True,False,True,False,True,False,False,False,False,False,False,False,False,False,False,False,False,False,False,True,True,False,False,True,False,True,False,False,False,False,False,False,False,False,False,False,True,True,False,True,False,False,False,False,True,False,False,False,True,True,True,False,False,True,False,True,True,True,False,True,False,False,False,False,True,True,True,False,False,False,False,False,False,False,False,0,0,0,0
478,2026-09-25T11:40:41.481496+00:00,2026-09-25T13:09:46.758606+00:00,100.005,True,False,False,False,True,False,True,False,True,False,False,False,False,False,False,False,False,False,False,False,False,False,False,True,True,False,False,True,False,True,False,False,True,False,False,False,False,False,False,False,True,True,False,True,False,False,False,False,False,True,True,False,True,True,True,False,True,True,False,False,True,True,False,True,False,False,False,False,True,True,True,False,False,False,False,False,False,False,False,0,23,0,25
479,2026-09-25T11:40:41.848864+00:00,2026-09-25T13:09:47.190631+00:00,105.006,True,False,False,False,True,False,True,False,True,False,False,False,False,False,False,False,False,False,False,False,False,False,False,True,True,True,False,True,False,True,False,False,True,False,False,False,False,False,False,False,True,True,False,True,False,False,False,False,False,True,True,False,True,True,True,False,True,True,True,True,True,True,False,True,False,False,False,False,True,True,True,False,False,False,False,False,False,False,False,0,112,0,123
480,2026-09-25T11:40:42.212538+00:00,2026-09-25T13:09:47.559652+00:00,103.006,True,False,False,False,True,False,True,False,True,False,False,False,False,False,False,False,False,False,False,False,False,False,False,True,False,True,False,True,False,True,False,False,False,False,False,False,True,False,False,False,True,True,False,True,False,False,False,False,False,True,True,False,True,True,True,False,False,True,False,False,True,True,False,True,False,False,False,False,True,True,True,False,False,False,False,False,False,False,False,0,188,0,207
481,2026-09-25T11:40:42.568150+00:00,2026-09-25T13:09:47.915672+00:00,101.005,True,False,False,False,True,False,True,False,True,False,False,False,False,False,False,False,False,False,False,False,False,False,False,True,False,True,False,True,False,True,False,False,False,False,False,False,True,False,False,False,True,False,True,True,False,False,False,False,False,True,True,False,True,True,True,False,True,True,True,False,True,True,False,True,False,False,False,False,True,True,True,False,False,False,False,False,False,False,False,0,262,0,288
482,2026-09-25T11:40:43.002624+00:00,2026-09-25T13:09:48.349697+00:00,173.01,True,False,False,False,True,False,True,False,True,False,False,False,False,False,False,False,False,False,False,False,False,False,False,True,False,True,False,True,False,True,False,False,False,False,False,False,False,False,True,False,True,False,False,True,False,False,False,False,False,True,True,False,True,True,True,False,False,False,True,False,True,True,False,True,False,False,False,False,True,True,True,False,False,False,False,False,False,False,False,1,350,0,387
483,2026-09-25T11:40:43.442867+00:00,2026-09-25T13:09:48.783722+00:00,180.01,True,False,False,False,True,False,True,False,True,False,False,False,False,False,False,False,False,False,False,False,False,False,False,True,True,True,False,False,False,True,False,False,False,False,False,False,False,False,True,False,True,False,False,True,False,False,False,False,False,True,False,False,True,True,True,False,False,False,False,True,True,True,False,True,False,False,False,False,True,True,True,False,False,False,False,False,False,False,False,0,440,0,457
484,2026-09-25T11:40:43.787458+00:00,2026-09-25T13:09:49.133742+00:00,88.005,True,False,False,False,True,False,True,False,True,False,False,False,False,False,False,False,False,False,False,False,False,False,False,True,True,True,False,False,False,True,False,False,False,False,False,False,False,False,True,False,True,False,False,True,False,False,False,False,False,True,False,False,True,True,True,False,True,True,False,True,True,True,False,True,False,False,False,False,True,True,True,False,False,False,False,False,False,False,False,0,513,0,457
485,2026-09-25T11:40:44.169297+00:00,2026-09-25T13:09:49.477762+00:00,90.005,True,False,False,False,True,False,True,False,True,False,False,False,False,False,False,False,False,False,False,False,False,False,False,True,False,True,False,False,False,True,False,False,False,False,False,False,False,False,True,False,True,False,False,True,False,False,False,False,False,True,False,False,True,True,True,False,False,False,False,True,True,True,False,True,False,False,False,False,True,True,True,False,False,False,False,False,False,False,False,1,585,0,457
486,2026-09-25T11:40:44.574271+00:00,2026-09-25T13:09:49.918787+00:00,137.00799999999998,True,False,False,False,True,False,True,False,True,False,False,False,False,False,False,False,False,False,False,False,False,False,False,True,True,True,False,False,False,True,False,False,False,False,False,False,False,False,True,False,True,False,False,True,False,False,False,False,False,True,False,False,True,True,True,False,False,False,False,True,True,True,False,True,False,False,False,False,True,True,True,False,False,False,False,False,False,False,False,0,676,0,457
487,2026-09-25T11:40:44.921326+00:00,2026-09-25T13:09:50.265807+00:00,91.005,True,False,False,False,True,False,True,False,True,False,False,False,False,False,False,False,False,False,False,False,False,False,False,True,True,True,False,False,False,True,False,False,False,False,False,False,False,False,True,False,True,False,False,True,False,False,False,False,False,True,False,False,True,True,True,False,False,False,False,True,True,True,False,True,False,False,False,False,True,True,True,False,False,False,False,False,False,False,False,0,748,0,457
488,2026-09-25T11:40:45.261261+00:00,2026-09-25T13:09:50.607826+00:00,85.00399999999999,True,False,False,False,True,False,True,False,True,False,False,False,False,False,False,False,False,False,False,False,False,False,False,True,True,True,False,False,False,True,False,False,False,False,False,False,False,False,True,False,True,False,False,True,False,False,False,False,False,True,False,False,True,True,True,False,False,True,False,True,True,True,False,True,False,False,False,False,True,True,True,False,False,False,False,False,False,False,False,0,819,0,457
489,2026-09-25T11:40:45.696190+00:00,2026-09-25T13:09:51.040851+00:00,178.01,True,False,False,False,True,False,True,False,True,False,False,False,False,False,False,False,False,False,False,False,False,False,False,True,True,True,False,False,False,True,False,False,False,False,False,False,False,False,True,False,True,False,False,False,False,False,False,True,False,False,False,False,True,True,False,False,False,False,False,True,True,True,False,True,False,False,False,False,True,True,True,False,False,False,False,False,False,False,False,0,0,34,0
490,2026-09-25T11:40:46.048205+00:00,2026-09-25T13:09:51.391871+00:00,93.00500000000001,True,False,False,False,True,False,True,False,True,False,False,False,False,False,False,False,False,False,False,False,False,False,False,True,True,True,False,False,True,True,False,False,False,False,False,False,True,False,False,False,True,True,False,False,False,False,False,True,False,False,False,False,True,True,False,False,False,False,False,True,True,True,False,True,False,False,False,False,True,True,True,False,False,False,False,False,False,False,False,0,0,109,0
491,2026-09-25T11:40:46.389800+00:00,2026-09-25T13:09:51.736891+00:00,89.005,True,False,False,False,True,False,True,False,True,False,False,False,False,False,False,False,False,False,False,False,False,False,False,True,True,True,False,False,True,True,False,False,False,False,False,False,True,False,False,False,True,True,False,False,False,False,False,True,False,False,False,False,True,True,False,False,False,False,False,True,True,True,False,True,False,False,False,False,True,True,True,False,False,False,False,False,False,False,False,0,0,183,0
492,2026-09-25T11:40:46.747225+00:00,2026-09-25T13:09:52.091911+00:00,98.005,True,False,False,False,True,False,True,False,True,False,False,False,False,False,False,False,False,False,False,False,False,False,False,True,True,True,False,False,True,True,False,False,False,False,False,False,True,False,False,False,True,False,True,False,False,False,False,True,False,False,False,False,True,True,False,False,False,False,False,True,True,True,False,True,False,False,False,False,True,True,True,False,False,False,False,False,False,False,False,0,0,259,0
493,2026-09-25T11:40:47.089999+00:00,2026-09-25T13:09:52.435931+00:00,89.005,True,False,False,False,True,False,True,False,True,False,False,False,False,False,False,False,False,False,False,False,False,False,False,True,True,True,False,False,True,True,False,False,False,False,False,False,True,False,False,False,True,False,True,False,False,False,False,True,False,False,False,False,True,True,False,False,False,False,False,True,True,True,False,True,False,False,False,False,True,True,True,False,False,False,False,False,False,False,False,0,0,330,0
494,2026-09-25T11:40:47.439484+00:00,2026-09-25T13:09:52.776950+00:00,87.005,True,False,False,False,True,False,True,False,False,False,False,False,False,False,False,False,False,False,True,False,False,True,False,True,True,True,False,False,True,True,False,False,False,False,False,False,True,False,False,False,True,False,False,False,False,False,False,True,False,False,False,False,True,True,True,False,False,False,False,True,True,True,False,True,False,False,False,False,True,True,True,False,False,False,False,False,False,False,False,0,0,405,0
495,2026-09-25T11:40:47.816161+00:00,2026-09-25T13:09:53.161972+00:00,117.006,True,False,False,False,True,False,True,False,False,False,False,False,False,False,False,False,False,False,True,False,False,True,False,True,True,True,False,False,True,True,False,False,False,False,False,False,True,False,False,False,True,True,False,False,False,False,False,True,False,False,False,False,True,True,True,True,False,False,False,True,True,True,False,True,False,False,False,False,True,True,True,False,False,False,False,False,False,False,False,0,0,488,0
496,2026-09-25T11:40:48.165283+00:00,2026-09-25T13:09:53.508992+00:00,93.00500000000001,True,False,False,False,True,False,True,False,False,False,False,False,False,False,False,False,False,False,True,False,False,True,False,True,True,True,False,False,True,True,False,False,False,False,False,False,True,False,False,False,True,False,True,False,False,False,True,False,False,False,False,False,False,False,False,True,False,False,False,True,True,True,False,True,False,False,False,False,True,True,True,False,False,False,False,False,False,False,False,0,0,0,0
497,2026-09-25T11:40:48.549802+00:00,2026-09-25T13:09:53.875013+00:00,95.00500000000001,True,False,False,False,True,False,True,False,False,False,False,False,False,False,False,False,False,False,True,False,False,True,False,True,True,True,False,False,True,True,False,False,False,False,False,False,True,False,False,False,True,False,True,False,False,False,True,False,True,False,False,False,False,False,False,True,True,False,False,True,True,True,False,True,False,False,False,False,True,True,True,False,False,False,False,False,False,False,False,0,0,0,0
498,2026-09-25T11:40:48.903843+00:00,2026-09-25T13:09:54.250035+00:00,99.006,True,False,False,False,True,False,True,False,False,False,False,False,False,False,False,False,False,False,True,False,False,True,False,True,True,True,False,False,True,True,False,False,False,False,False,False,True,False,False,False,True,False,True,False,False,False,True,False,True,False,False,False,False,False,True,False,False,True,False,True,True,True,False,True,False,False,False,False,True,True,True,False,False,False,False,False,False,False,False,0,0,0,0
499,2026-09-25T11:40:49.322020+00:00,2026-09-25T13:09:54.601055+00:00,94.006,True,False,False,False,True,False,False,False,False,False,False,False,False,True,False,False,False,False,True,False,False,True,False,True,True,True,False,False,True,True,False,False,False,False,False,False,True,False,False,False,True,False,True,False,False,False,True,False,True,False,False,False,False,False,True,False,False,True,False,True,True,True,False,True,False,False,False,False,True,True,True,False,False,False,False,False,False,False,False,0,0,0,0
500,2026-09-25T11:40:49.750137+00:00,2026-09-25T13:09:55.041080+00:00,115.007,True,False,False,False,True,False,False,False,True,False,False,False,False,True,False,False,False,False,True,False,False,True,False,False,True,True,False,False,True,True,False,False,False,True,False,True,False,False,False,False,False,True,False,False,False,False,True,False,True,False,False,False,False,False,False,True,True,False,False,True,True,True,False,True,False,False,False,False,True,True,True,False,False,False,False,False,False,False,False,0,0,0,0
501,2026-09-25T11:40:50.099964+00:00,2026-09-25T13:09:55.443103+00:00,90.005,True,False,False,False,True,False,False,False,True,False,False,False,False,True,False,False,False,False,True,False,False,True,False,False,True,True,False,False,True,True,False,False,False,True,False,True,False,False,False,False,False,False,False,False,False,False,True,False,True,False,False,False,False,False,False,True,False,True,False,True,True,True,False,True,False,False,False,False,True,True,True,False,False,False,False,False,False,False,False,0,0,0,0
502,2026-09-25T11:40:50.488359+00:00,2026-09-25T13:09:55.822125+00:00,91.006,True,False,False,False,True,False,False,False,True,False,False,False,False,True,False,False,False,False,True,False,False,True,False,False,True,True,False,False,True,True,False,False,False,True,False,True,False,False,False,True,False,True,False,False,False,False,True,False,True,False,False,False,False,False,True,False,False,True,False,True,True,True,False,True,False,False,False,False,True,True,True,False,False,False,False,False,False,False,False,0,0,0,0
503,2026-09-25T11:40:50.904716+00:00,2026-09-25T13:09:56.244149+00:00,147.00900000000001,True,False,False,False,True,False,False,False,True,False,False,False,False,True,False,False,False,False,True,False,False,True,False,False,True,True,False,False,True,True,False,False,False,True,False,True,False,False,False,True,False,True,True,False,False,False,True,False,True,False,False,False,False,False,False,True,True,False,False,True,True,True,False,True,False,False,False,False,True,True,True,False,False,False,False,False,False,False,False,0,0,0,0
504,2026-09-25T11:40:51.251349+00:00,2026-09-25T13:09:56.597169+00:00,90.005,True,False,False,False,True,True,False,False,True,False,False,False,False,False,False,False,False,False,False,False,False,False,False,False,True,True,False,False,True,True,False,False,False,True,False,True,False,False,False,False,False,False,False,True,False,False,False,False,True,False,False,False,False,False,False,False,False,False,False,True,True,True,False,True,False,False,False,False,True,True,True,False,False,False,False,False,False,False,False,0,0,0,0
505,2026-09-25T11:40:51.619037+00:00,2026-09-25T13:09:56.948189+00:00,95.00500000000001,True,False,False,False,True,True,False,False,True,False,False,False,False,False,False,False,False,True,False,False,False,False,False,False,True,True,False,False,True,True,False,False,False,True,False,False,False,False,False,True,False,False,True,True,False,False,False,False,True,False,False,False,False,False,False,False,True,False,False,True,True,True,False,True,False,False,False,False,True,True,True,False,False,False,False,False,False,False,False,1,0,0,0
505,2026-09-25T11:40:51.619037+00:00,2026-09-25T13:09:56.948189+00:00,95.00500000000001,True,False,False,False,True,True,False,False,True,False,False,False,False,False,False,False,False,True,False,False,False,False,False,False,True,True,False,False,True,True,False,False,False,True,False,False,False,False,False,True,False,False,True,True,False,False,False,False,True,False,False,False,False,False,False,False,True,False,False,True,True,True,False,True,False,False,False,False,True,True,True,False,False,False,False,False,False,False,False,1,0,0,0
506,2026-09-25T11:40:51.968928+00:00,2026-09-25T13:09:57.312210+00:00,92.00500000000001,True,False,False,False,True,True,False,False,True,False,False,False,False,False,False,False,False,True,False,False,False,False,False,False,True,True,False,False,True,True,False,False,False,True,False,False,False,False,False,True,False,False,True,True,False,False,False,False,True,False,False,False,False,False,False,False,True,False,False,True,True,True,False,True,False,False,False,False,True,True,True,False,False,False,False,False,False,False,False,0,0,0,0
507,2026-09-25T11:40:52.386595+00:00,2026-09-25T13:09:57.665230+00:00,94.00500000000001,True,False,False,False,True,True,False,False,True,False,False,False,False,False,False,False,False,True,False,False,False,False,False,False,True,True,False,False,True,True,False,False,False,True,False,False,False,False,False,False,False,False,True,True,False,False,False,False,True,False,False,False,False,False,False,False,True,True,False,True,True,True,False,True,False,False,False,False,True,True,True,False,False,False,False,False,False,False,False,0,0,0,0
508,2026-09-25T11:40:52.744552+00:00,2026-09-25T13:09:58.085254+00:00,98.006,True,False,False,False,True,True,False,False,True,False,False,False,False,False,False,False,False,True,False,False,False,False,False,False,True,True,False,False,True,True,False,False,False,True,False,False,False,False,False,False,True,False,True,True,False,False,False,False,True,False,False,False,False,False,False,False,True,False,False,True,True,True,False,True,False,False,False,False,True,True,True,False,False,False,False,False,False,False,False,0,0,0,0
509,2026-09-25T11:40:53.146469+00:00,2026-09-25T13:09:58.467276+00:00,121.007,True,False,False,False,True,True,False,False,True,False,False,False,False,False,False,False,False,True,False,False,False,False,False,False,True,True,False,False,True,True,False,False,False,True,False,False,False,False,False,False,True,False,True,True,True,False,False,False,False,False,True,False,False,False,False,False,False,True,False,False,True,True,False,True,False,False,False,False,True,True,True,False,False,False,False,False,False,False,False,0,0,0,0
510,2026-09-25T11:40:53.597517+00:00,2026-09-25T13:09:58.927302+00:00,179.01,True,False,False,False,True,True,False,False,True,False,False,False,False,False,False,False,False,True,False,False,False,False,False,False,True,True,False,False,True,True,False,False,False,True,False,False,False,False,False,True,False,False,True,True,True,False,False,False,False,False,True,False,False,False,False,False,False,True,True,False,True,True,False,True,False,False,False,False,True,True,True,False,False,False,False,False,False,False,False,0,0,0,0
511,2026-09-25T11:40:54.030545+00:00,2026-09-25T13:09:59.376328+00:00,94.00500000000001,True,False,False,False,True,True,False,False,True,False,False,False,False,False,False,False,False,True,False,False,False,False,False,False,True,True,False,False,False,True,False,False,False,False,False,False,False,True,False,False,False,False,True,True,True,False,False,False,False,False,True,False,False,False,False,False,False,True,False,False,True,True,False,True,False,False,False,False,True,True,True,False,False,False,False,False,False,False,False,1,0,0,0
512,2026-09-25T11:40:54.500419+00:00,2026-09-25T13:09:59.756350+00:00,124.007,True,False,False,False,True,True,False,False,True,False,False,False,False,False,False,False,False,True,False,False,False,False,False,False,True,True,False,False,False,True,False,False,False,False,False,False,False,True,False,False,False,False,True,True,True,False,False,False,False,False,True,False,False,False,False,False,False,True,False,False,True,True,False,True,False,False,False,False,True,True,True,False,False,False,False,False,False,False,False,0,0,0,0
513,2026-09-25T11:40:54.883324+00:00,2026-09-25T13:10:00.229377+00:00,92.006,True,False,False,False,True,True,False,False,True,False,False,False,False,False,False,False,False,True,False,False,False,False,False,False,True,True,False,False,False,True,False,False,False,False,False,False,False,True,False,False,False,False,True,True,True,False,False,False,False,False,True,False,False,False,False,False,False,True,False,False,True,True,False,True,False,False,False,False,True,True,True,False,False,False,False,False,False,False,False,0,0,0,0
514,2026-09-25T11:40:55.247417+00:00,2026-09-25T13:10:00.583397+00:00,98.006,True,False,False,False,True,True,False,False,True,False,False,False,False,False,False,False,False,True,False,False,False,False,False,False,True,True,False,False,False,True,False,False,False,False,False,False,False,True,False,False,False,False,True,True,True,False,False,False,False,False,True,False,False,False,False,False,False,True,False,False,True,True,False,True,False,False,False,False,True,True,True,False,False,False,False,False,False,False,False,0,0,0,0
515,2026-09-25T11:40:55.652595+00:00,2026-09-25T13:10:00.962419+00:00,105.006,True,False,False,False,True,True,False,False,True,False,False,False,False,False,False,False,False,True,False,False,False,False,False,False,True,True,False,False,False,True,False,False,False,False,False,False,False,True,False,False,False,False,True,True,True,False,False,False,False,False,True,False,False,False,False,False,False,True,False,True,True,True,False,True,False,False,False,False,True,True,True,False,False,False,False,False,False,False,False,0,0,0,0
516,2026-09-25T11:40:56.013200+00:00,2026-09-25T13:10:01.350441+00:00,97.006,True,False,False,False,True,True,False,False,True,False,False,False,False,False,False,False,False,True,False,False,False,False,False,False,True,True,False,False,False,True,False,False,False,False,False,False,False,True,False,False,False,False,True,True,True,False,False,False,False,False,True,False,False,False,False,False,False,True,False,False,True,True,False,True,False,False,False,False,True,True,True,False,False,False,False,False,False,False,False,0,0,0,0
517,2026-09-25T11:40:56.489403+00:00,2026-09-25T13:10:01.704461+00:00,91.005,True,False,False,False,True,True,False,False,True,False,False,False,False,False,False,False,False,True,False,False,False,False,False,False,True,True,False,False,False,True,False,False,False,False,False,False,False,True,False,False,False,False,True,True,True,False,False,False,False,False,True,False,False,False,False,False,False,True,True,True,True,True,False,True,False,False,False,False,True,True,True,False,False,False,False,False,False,False,False,0,0,0,0
518,2026-09-25T11:40:56.933935+00:00,2026-09-25T13:10:02.206490+00:00,113.00699999999999,True,False,False,False,True,False,False,False,True,False,False,False,False,False,True,False,False,False,True,False,False,True,False,False,True,True,False,False,False,True,False,False,False,False,False,False,False,True,False,False,False,False,True,True,True,False,False,False,False,False,True,False,False,False,False,False,False,True,False,False,True,True,False,True,False,False,False,False,True,True,True,False,False,False,False,False,False,False,False,0,0,0,0
519,2026-09-25T11:40:57.301397+00:00,2026-09-25T13:10:02.642515+00:00,103.006,True,False,False,False,True,False,False,False,True,False,False,False,False,False,True,False,False,False,True,False,False,True,False,False,True,True,False,True,False,True,False,False,False,False,False,True,False,False,False,False,False,True,True,True,True,True,False,False,False,False,False,False,False,False,False,False,False,True,False,False,True,True,False,True,False,False,False,False,True,True,True,False,False,False,False,False,False,False,False,0,0,0,0
520,2026-09-25T11:40:57.730178+00:00,2026-09-25T13:10:03.062539+00:00,94.006,True,False,False,False,True,False,False,False,True,False,False,False,False,False,True,False,False,False,True,False,False,True,False,False,True,True,False,False,False,True,False,False,False,False,False,False,False,False,True,False,False,True,False,True,True,True,False,False,False,False,False,False,False,False,False,False,False,True,False,False,True,True,False,True,False,False,False,False,True,True,True,False,False,False,False,False,False,False,False,0,0,0,0
521,2026-09-25T11:40:58.079634+00:00,2026-09-25T13:10:03.423559+00:00,93.00500000000001,True,False,False,False,True,False,False,False,True,False,False,False,False,False,True,False,False,False,True,False,False,True,False,False,True,True,False,False,False,True,False,False,False,False,False,False,False,False,True,False,False,True,False,True,True,True,False,False,False,False,False,False,False,False,False,False,False,True,False,False,True,True,False,True,False,False,False,False,True,True,True,False,False,False,False,False,False,False,False,0,0,0,0
522,2026-09-25T11:40:58.496672+00:00,2026-09-25T13:10:03.777580+00:00,97.006,True,False,False,False,True,False,False,False,False,False,False,False,False,False,True,False,False,False,True,False,False,True,False,False,True,True,False,False,False,True,False,False,False,False,False,False,False,False,True,False,False,True,False,True,True,True,False,False,False,False,False,False,False,False,False,False,False,True,False,False,True,True,False,True,False,False,False,False,True,True,True,False,False,False,False,False,False,False,False,0,0,0,0
523,2026-09-25T11:40:58.842372+00:00,2026-09-25T13:10:04.188603+00:00,89.005,True,False,False,False,True,False,True,False,False,False,False,False,False,False,False,True,False,False,False,False,False,False,False,False,True,True,False,False,False,True,False,False,False,False,False,False,False,False,True,False,False,True,False,True,True,True,False,False,False,False,False,False,False,False,False,False,False,True,False,False,True,True,False,True,False,False,False,False,True,True,True,False,False,False,False,False,False,False,False,0,0,0,0
524,2026-09-25T11:40:59.271872+00:00,2026-09-25T13:10:04.611627+00:00,164.009,True,False,False,False,False,False,True,False,False,False,False,False,False,False,False,True,False,False,False,False,False,False,False,False,True,True,False,False,False,True,False,False,False,False,False,False,False,False,True,False,False,True,False,True,True,True,False,False,False,False,False,False,False,False,False,False,False,True,False,False,True,True,False,True,False,False,False,False,True,True,True,False,False,False,False,False,False,False,False,0,0,0,0
525,2026-09-25T11:40:59.967802+00:00,2026-09-25T13:10:05.172659+00:00,179.01,True,False,False,False,False,False,True,False,False,False,False,False,False,False,False,True,False,False,False,False,False,False,False,False,True,True,False,False,False,True,False,False,False,False,False,False,False,False,True,False,False,True,False,True,True,True,False,False,False,False,False,False,False,False,False,False,False,True,False,False,True,True,False,True,False,False,False,False,True,True,True,False,False,False,False,False,False,False,False,0,0,0,0
526,2026-09-25T11:41:00.343061+00:00,2026-09-25T13:10:05.685689+00:00,115.007,True,False,False,False,False,False,True,False,False,False,False,False,False,False,False,True,False,False,False,False,False,False,False,False,True,True,False,False,False,True,False,False,False,False,False,False,False,False,True,False,False,True,False,True,True,True,False,False,False,False,False,False,False,False,False,False,False,True,False,False,True,True,False,True,False,False,False,False,True,True,True,False,False,False,False,False,False,False,False,0,0,0,0
527,2026-09-25T11:41:00.709970+00:00,2026-09-25T13:10:06.033709+00:00,89.005,True,False,False,False,False,False,True,False,False,False,False,False,False,False,False,True,False,False,False,False,False,False,False,False,True,True,False,False,True,True,False,False,False,True,False,False,False,False,False,False,True,True,False,True,True,True,False,False,False,False,False,False,False,False,False,False,False,True,False,False,True,True,False,True,False,False,False,False,True,True,True,False,False,False,False,False,False,False,False,0,0,0,0
528,2026-09-25T11:41:01.065503+00:00,2026-09-25T13:10:06.410730+00:00,94.00500000000001,True,False,False,False,False,False,True,False,False,False,False,False,False,False,False,True,False,False,False,False,False,False,False,False,True,True,False,False,True,True,False,False,False,True,False,False,False,False,False,True,True,True,False,True,True,True,False,False,False,False,False,False,False,False,False,False,False,True,False,False,True,True,False,True,False,False,False,False,True,True,True,False,False,False,False,False,False,False,False,0,0,0,0
529,2026-09-25T11:41:01.425439+00:00,2026-09-25T13:10:06.768751+00:00,96.006,True,False,False,False,False,False,True,False,False,False,False,False,False,False,False,True,False,False,False,False,False,False,False,False,True,True,False,False,True,True,False,False,False,True,False,False,False,False,False,True,False,True,False,True,True,True,False,False,False,False,False,False,False,False,False,False,False,True,False,False,True,True,False,True,False,False,False,False,True,True,True,False,False,False,False,False,False,False,False,0,0,0,0
530,2026-09-25T11:41:01.807358+00:00,2026-09-25T13:10:07.141772+00:00,103.006,True,False,False,False,False,False,True,False,False,False,False,False,False,False,False,True,False,False,False,False,False,False,False,False,True,True,False,False,True,True,False,False,False,True,False,False,False,False,False,False,True,True,False,True,True,True,False,False,False,False,False,False,False,False,False,False,False,True,False,False,True,True,False,True,False,False,False,False,True,True,True,False,False,False,False,False,False,False,False,0,0,0,0
531,2026-09-25T11:41:02.156379+00:00,2026-09-25T13:10:07.500793+00:00,93.006,True,False,False,False,False,False,True,False,False,False,False,False,False,False,False,True,False,False,False,False,False,False,False,False,True,True,False,False,True,True,False,False,False,True,False,False,False,False,False,True,False,True,False,True,True,True,False,False,False,False,False,False,False,False,False,False,False,True,False,False,True,True,False,True,False,False,False,False,True,True,True,False,False,False,False,False,False,False,False,0,0,0,0
532,2026-09-25T11:41:02.573346+00:00,2026-09-25T13:10:07.896815+00:00,108.006,True,False,False,False,False,False,True,False,False,False,False,False,False,False,False,True,False,False,False,False,False,False,False,False,True,True,False,False,True,True,False,False,False,True,False,False,False,False,False,False,True,True,False,True,True,True,False,False,False,False,False,False,False,False,False,False,False,True,False,False,True,True,False,True,False,False,False,False,True,True,True,False,False,False,False,False,False,False,False,0,0,0,0
533,2026-09-25T11:41:02.935521+00:00,2026-09-25T13:10:08.272837+00:00,99.006,True,False,False,False,False,False,True,False,False,False,False,False,False,False,False,True,False,False,False,False,False,False,False,False,True,True,False,False,True,True,False,False,False,True,False,False,False,False,False,True,False,True,False,True,True,True,False,False,False,False,False,False,False,False,False,False,False,True,False,False,True,True,False,True,False,False,False,False,True,True,True,False,False,False,False,False,False,False,False,0,0,0,0
534,2026-09-25T11:41:03.357301+00:00,2026-09-25T13:10:08.672860+00:00,137.00799999999998,True,False,False,False,False,False,True,False,False,False,False,False,False,False,False,True,False,False,False,False,False,False,False,False,True,True,False,False,True,True,False,False,False,True,False,False,False,False,False,False,False,True,False,True,True,True,False,False,False,False,False,False,False,False,False,False,False,True,False,False,True,True,False,True,False,False,False,False,True,True,True,False,False,False,False,False,False,False,False,1,0,0,0
535,2026-09-25T11:41:03.874085+00:00,2026-09-25T13:10:09.140886+00:00,174.01,True,False,False,False,False,False,True,False,False,False,False,False,False,False,False,True,False,False,False,False,False,False,False,False,True,True,False,False,True,True,False,False,False,True,False,False,False,False,False,True,False,True,False,True,True,True,False,False,False,False,False,False,False,False,False,False,False,True,False,False,True,True,False,True,False,False,False,False,True,True,True,False,False,False,False,False,False,False,False,0,0,0,0
536,2026-09-25T11:41:04.228523+00:00,2026-09-25T13:10:09.571911+00:00,97.005,True,False,False,False,False,False,True,False,False,False,False,False,False,False,False,True,False,False,False,False,False,False,False,False,True,True,False,False,True,True,False,False,False,False,False,False,False,True,False,True,False,True,False,True,True,True,False,False,False,False,False,False,False,False,False,False,False,True,False,False,True,True,False,True,False,False,False,False,True,True,True,False,False,False,False,False,False,False,False,0,0,0,0
537,2026-09-25T11:41:04.632065+00:00,2026-09-25T13:10:09.917931+00:00,90.005,True,False,False,False,False,False,True,False,False,False,False,False,False,False,False,True,False,False,False,False,False,False,False,False,True,True,False,False,False,True,False,False,False,False,False,False,False,True,False,True,False,True,False,True,True,True,False,False,False,False,False,False,False,False,False,False,False,True,False,False,True,True,False,True,False,False,False,False,True,True,True,False,False,False,False,False,False,False,False,0,0,0,0
538,2026-09-25T11:41:05.139141+00:00,2026-09-25T13:10:10.482963+00:00,169.009,True,False,False,False,False,False,True,False,False,False,False,False,False,False,False,True,False,False,False,False,False,False,False,False,True,True,False,False,False,True,False,False,False,False,False,False,False,True,False,True,False,True,False,True,True,True,False,False,False,False,False,False,False,False,False,False,False,True,False,False,True,True,False,True,False,False,False,False,True,True,True,False,False,False,False,False,False,False,False,0,0,0,0
539,2026-09-25T11:41:05.498563+00:00,2026-09-25T13:10:10.838984+00:00,99.006,True,False,False,False,False,False,True,False,False,False,False,False,False,False,False,True,False,False,False,False,False,False,False,False,True,True,False,False,False,True,False,False,False,False,False,False,False,True,False,True,False,True,False,True,True,True,False,False,False,False,False,False,False,False,False,False,False,True,False,False,True,True,False,True,False,False,False,False,True,True,True,False,False,False,False,False,False,False,False,0,0,0,0
540,2026-09-25T11:41:05.900392+00:00,2026-09-25T13:10:11.222005+00:00,117.006,True,False,False,False,False,False,True,False,False,False,False,False,False,False,False,True,False,False,False,False,False,False,False,False,True,True,False,False,False,True,False,False,False,False,False,False,False,True,False,True,False,True,False,True,True,True,False,False,False,False,False,False,False,False,False,False,False,True,False,False,True,True,False,True,False,False,False,False,True,True,True,False,False,False,False,False,False,False,False,0,0,0,0
541,2026-09-25T11:41:06.344035+00:00,2026-09-25T13:10:11.688032+00:00,187.01100000000002,True,False,False,False,False,False,True,False,False,False,False,False,False,False,False,True,False,False,False,False,False,False,False,False,True,True,False,False,False,True,False,False,False,False,False,False,False,True,False,True,False,True,False,True,True,True,False,False,False,False,False,False,False,False,False,False,False,True,False,False,True,True,False,True,False,False,False,False,True,True,True,False,False,False,False,False,False,False,False,0,0,0,0
542,2026-09-25T11:41:06.855088+00:00,2026-09-25T13:10:12.132058+00:00,142.009,True,False,False,False,False,False,True,True,False,False,False,False,False,False,False,False,False,False,True,False,True,False,False,False,True,True,False,False,False,True,False,False,False,False,False,False,False,True,False,True,False,True,False,True,True,True,False,False,False,False,False,False,False,False,False,False,False,True,False,False,True,True,False,True,False,False,False,False,True,True,True,False,False,False,False,False,False,False,False,0,0,0,0
543,2026-09-25T11:41:07.204046+00:00,2026-09-25T13:10:12.546081+00:00,87.005,True,False,False,False,False,False,True,True,False,False,False,False,False,False,False,False,False,False,True,False,True,False,False,False,True,True,False,False,False,True,False,False,False,False,False,False,False,True,False,True,False,True,False,True,True,True,False,False,False,False,False,False,False,False,False,False,False,True,False,False,True,True,False,True,False,False,False,False,True,True,True,False,False,False,False,False,False,False,False,0,0,0,0
544,2026-09-25T11:41:07.625141+00:00,2026-09-25T13:10:12.898101+00:00,93.00500000000001,True,False,False,False,False,False,True,True,False,False,False,False,False,False,False,False,False,False,True,True,False,False,False,False,True,True,False,True,False,True,False,False,False,False,False,False,True,False,False,True,False,False,True,True,True,True,False,False,False,False,False,False,False,False,False,False,False,True,False,False,True,True,False,True,False,False,False,False,True,True,True,False,False,False,False,False,False,False,False,0,0,0,0
545,2026-09-25T11:41:08.051066+00:00,2026-09-25T13:10:13.348127+00:00,104.006,True,False,False,False,False,False,True,False,True,False,False,False,False,False,False,False,True,False,True,True,False,False,False,False,True,True,False,False,False,True,False,False,False,False,False,False,False,False,True,True,False,False,False,True,True,True,False,False,False,False,False,False,False,False,False,False,False,True,False,False,True,True,False,True,False,False,False,False,True,True,True,False,False,False,False,False,False,False,False,0,0,0,0
546,2026-09-25T11:41:08.463915+00:00,2026-09-25T13:10:13.809153+00:00,98.005,True,False,False,False,False,False,True,False,True,False,False,False,False,False,False,False,True,False,True,True,False,False,False,False,True,True,False,False,False,True,False,False,False,False,False,False,False,False,True,True,False,False,False,True,True,True,False,False,False,False,False,False,False,False,False,False,False,True,False,False,True,True,False,True,False,False,False,False,True,True,True,False,False,False,False,False,False,False,False,0,0,0,0
547,2026-09-25T11:41:08.907733+00:00,2026-09-25T13:10:14.166174+00:00,96.006,True,False,False,False,False,False,True,False,True,False,False,False,False,False,False,False,True,False,True,True,False,False,False,False,True,True,False,False,False,True,False,False,False,False,False,False,False,False,True,True,False,False,False,True,True,True,False,False,False,False,False,False,False,False,False,False,False,True,False,False,True,True,False,True,False,False,False,False,True,True,True,False,False,False,False,False,False,False,False,0,0,0,0
548,2026-09-25T11:41:09.263386+00:00,2026-09-25T13:10:14.604199+00:00,95.006,True,False,False,False,False,False,True,False,True,False,False,False,False,False,False,False,True,False,True,True,False,False,False,False,True,True,False,False,False,True,False,False,False,False,False,False,False,False,True,True,False,False,False,True,True,True,False,False,False,False,False,False,False,False,False,False,False,True,False,False,True,True,False,True,False,False,False,False,True,True,True,False,False,False,False,False,False,False,False,1,0,0,0
549,2026-09-25T11:41:09.620679+00:00,2026-09-25T13:10:14.964220+00:00,95.006,True,False,False,False,False,False,True,False,True,False,False,False,False,False,False,False,True,False,True,True,False,False,False,False,True,True,False,False,False,True,False,False,False,False,False,False,False,False,True,True,False,False,False,True,True,True,False,False,False,False,False,False,False,False,False,False,False,True,False,False,True,True,False,True,False,False,False,False,True,True,True,False,False,False,False,False,False,False,False,0,0,0,0
550,2026-09-25T11:41:10.070107+00:00,2026-09-25T13:10:15.383243+00:00,136.00699999999998,True,False,False,False,False,False,True,False,True,False,False,False,False,False,False,False,True,False,True,True,False,False,False,False,True,True,False,False,False,True,False,False,False,False,False,False,False,False,True,True,False,False,False,True,True,True,False,False,False,False,False,False,False,False,False,False,False,True,False,False,True,True,False,True,False,False,False,False,True,True,True,False,False,False,False,False,False,False,False,0,0,0,0
551,2026-09-25T11:41:10.439708+00:00,2026-09-25T13:10:15.776266+00:00,105.006,True,False,False,False,False,False,True,False,True,False,False,False,False,False,False,False,True,False,True,True,False,False,False,False,True,True,False,False,False,True,False,False,False,False,False,False,False,False,True,True,False,False,False,True,True,True,False,False,False,False,False,False,False,False,False,False,False,True,False,False,True,True,False,True,False,False,False,False,True,True,True,False,False,False,False,False,False,False,False,0,0,0,0
552,2026-09-25T11:41:10.864123+00:00,2026-09-25T13:10:16.138287+00:00,96.006,True,False,False,False,False,False,True,False,True,False,False,False,False,False,False,False,True,False,True,True,False,False,False,False,True,True,False,False,False,True,False,False,False,False,False,False,False,False,True,True,False,False,False,True,True,True,False,False,False,False,False,False,False,False,False,False,False,True,False,False,True,True,False,True,False,False,False,False,True,True,True,False,False,False,False,False,False,False,False,0,0,0,0
553,2026-09-25T11:41:11.212184+00:00,2026-09-25T13:10:16.556311+00:00,93.006,True,False,False,False,False,False,True,False,True,False,False,False,False,False,False,False,True,False,True,True,False,False,False,False,True,True,False,False,True,True,False,False,False,False,True,False,False,False,False,True,True,False,False,True,True,True,False,False,False,False,False,False,False,False,False,False,False,True,False,False,True,True,False,True,False,False,False,False,True,True,True,False,False,False,False,False,False,False,False,0,0,0,0
554,2026-09-25T11:41:11.668599+00:00,2026-09-25T13:10:17.007336+00:00,89.005,True,False,False,False,False,False,True,False,True,False,False,False,False,False,False,False,True,False,True,True,False,False,False,False,True,True,False,False,True,True,False,False,False,False,True,False,False,False,False,True,True,False,False,True,True,True,False,False,False,False,False,False,False,False,False,False,False,True,False,False,True,True,False,True,False,False,False,False,True,True,True,False,False,False,False,False,False,False,False,0,0,0,0
555,2026-09-25T11:41:12.025373+00:00,2026-09-25T13:10:17.365357+00:00,97.006,True,False,False,False,False,False,True,False,True,False,False,False,False,False,False,False,True,False,True,True,False,False,False,False,True,True,False,False,True,True,False,False,False,False,True,False,False,False,False,False,False,False,False,True,True,True,False,False,False,False,False,False,False,False,False,False,False,True,False,False,True,True,False,True,False,False,False,False,True,True,True,False,False,False,False,False,False,False,False,0,0,0,0
556,2026-09-25T11:41:12.378496+00:00,2026-09-25T13:10:17.722377+00:00,94.00500000000001,True,False,False,False,False,False,True,False,True,False,False,False,False,False,False,False,True,False,True,True,False,False,False,False,True,True,False,False,True,True,False,False,False,False,True,False,False,False,False,True,True,False,False,True,True,True,False,False,False,False,False,False,False,False,False,False,False,True,False,False,True,True,False,True,False,False,False,False,True,True,True,False,False,False,False,False,False,False,False,0,0,0,0
557,2026-09-25T11:41:12.799666+00:00,2026-09-25T13:10:18.088398+00:00,106.006,True,False,False,False,False,False,True,False,True,False,False,False,False,False,False,False,True,False,True,True,False,False,False,False,True,True,False,False,True,True,False,False,False,False,True,False,False,False,False,False,False,False,False,True,True,True,False,False,False,False,False,False,False,False,False,False,False,True,False,False,True,True,False,True,False,False,False,False,True,True,True,False,False,False,False,False,False,False,False,1,0,0,0
558,2026-09-25T11:41:13.153317+00:00,2026-09-25T13:10:18.495421+00:00,94.00500000000001,True,False,False,False,False,False,True,False,True,False,False,False,False,False,False,False,True,False,True,True,False,False,False,False,True,True,False,False,True,True,False,False,False,False,True,False,False,False,False,True,True,False,False,True,True,True,False,False,False,False,False,False,False,False,False,False,False,True,False,False,True,True,False,True,False,False,False,False,True,True,True,False,False,False,False,False,False,False,False,0,0,0,0
559,2026-09-25T11:41:13.567996+00:00,2026-09-25T13:10:18.855442+00:00,100.006,True,False,False,False,False,False,True,False,True,False,False,False,False,False,False,False,True,False,True,True,False,False,False,False,True,True,False,False,True,True,False,False,False,False,True,False,False,False,False,False,False,False,False,True,True,True,False,False,False,False,False,False,False,False,False,False,False,True,False,False,True,True,False,True,False,False,False,False,True,True,True,False,False,False,False,False,False,False,False,0,0,0,0
560,2026-09-25T11:41:13.998644+00:00,2026-09-25T13:10:19.342470+00:00,173.01,True,False,False,False,False,False,True,False,True,False,False,False,False,False,False,False,True,False,True,True,False,False,False,False,True,True,False,False,True,True,False,False,False,False,True,False,False,False,False,False,False,False,False,True,True,True,False,False,False,False,False,False,False,False,False,False,False,True,False,False,True,True,False,True,False,False,False,False,True,True,True,False,False,False,False,False,False,False,False,0,0,0,0
561,2026-09-25T11:41:14.419651+00:00,2026-09-25T13:10:19.750493+00:00,151.008,True,False,False,False,False,False,True,False,True,False,False,False,False,False,False,False,True,False,True,True,False,False,False,False,True,True,False,False,True,True,False,False,False,False,True,False,False,False,False,True,False,False,False,True,True,True,False,False,False,False,False,False,False,False,False,False,False,True,False,False,True,True,False,True,False,False,False,False,True,True,True,False,False,False,False,False,False,False,False,0,0,0,0
562,2026-09-25T11:41:14.894982+00:00,2026-09-25T13:10:20.146516+00:00,113.00699999999999,True,False,False,False,False,False,True,False,True,False,False,False,False,False,False,False,True,False,True,True,False,False,False,False,True,True,False,False,True,True,False,False,False,False,True,False,False,False,False,True,False,False,False,True,True,True,False,False,False,False,False,False,False,False,False,False,False,True,False,False,True,True,False,True,False,False,False,False,True,True,True,False,False,False,False,False,False,False,False,0,0,0,0
563,2026-09-25T11:41:15.257808+00:00,2026-09-25T13:10:20.597542+00:00,99.006,True,False,False,False,False,False,True,False,True,False,False,False,False,False,False,False,True,False,True,True,False,False,False,False,True,True,False,False,True,True,False,False,False,False,True,False,False,False,False,False,False,False,False,True,True,True,False,False,False,False,False,False,False,False,False,False,False,True,False,False,True,True,False,True,False,False,False,False,True,True,True,False,False,False,False,False,False,False,False,0,0,0,0
564,2026-09-25T11:41:15.673755+00:00,2026-09-25T13:10:20.990564+00:00,91.005,True,False,False,False,True,False,True,False,True,False,False,False,False,False,False,False,False,False,True,True,True,False,False,False,True,True,False,False,True,True,False,False,False,False,True,False,False,False,False,False,False,False,False,True,True,True,False,False,False,False,False,False,False,False,False,False,False,True,False,False,True,True,False,True,False,False,False,False,True,True,True,False,False,False,False,False,False,False,False,0,0,0,0
565,2026-09-25T11:41:16.073415+00:00,2026-09-25T13:10:21.411588+00:00,132.007,True,False,False,False,True,False,True,False,True,False,False,False,False,False,False,False,False,False,True,True,True,False,False,False,True,True,False,False,True,True,False,False,False,False,True,False,False,False,False,True,True,False,False,True,True,True,False,False,False,False,False,False,False,False,False,False,False,True,False,False,True,True,False,True,False,False,False,False,True,True,True,False,False,False,False,False,False,False,False,0,0,0,0
566,2026-09-25T11:41:16.460772+00:00,2026-09-25T13:10:21.773609+00:00,96.006,True,False,False,False,True,False,True,False,True,False,False,False,False,False,False,False,False,False,True,False,True,False,False,False,True,True,False,False,True,True,False,False,False,False,True,False,False,False,False,False,False,False,False,True,True,True,False,False,False,False,False,False,False,False,False,False,False,True,False,False,True,True,False,True,False,False,False,False,True,True,True,False,False,False,False,False,False,False,False,0,0,0,0
567,2026-09-25T11:41:16.919307+00:00,2026-09-25T13:10:22.252636+00:00,92.00500000000001,True,False,False,False,True,False,True,False,True,False,False,False,False,False,False,False,False,False,True,False,True,False,False,False,True,True,False,False,True,True,False,False,False,False,True,False,False,False,False,False,False,False,False,True,True,True,False,False,False,False,False,False,False,False,False,False,False,True,False,False,True,True,False,True,False,False,False,False,True,True,True,False,False,False,False,False,False,False,False,1,0,0,0
568,2026-09-25T11:41:17.349086+00:00,2026-09-25T13:10:22.686661+00:00,90.005,True,False,False,False,True,False,True,False,True,False,False,False,False,False,False,False,False,False,True,False,True,False,False,False,True,True,False,False,True,True,False,False,False,False,True,False,False,False,False,False,False,False,False,True,True,True,False,False,False,False,False,False,False,False,False,False,False,True,False,False,True,True,False,True,False,False,False,False,True,True,True,False,False,False,False,False,False,False,False,0,0,0,0
569,2026-09-25T11:41:17.733137+00:00,2026-09-25T13:10:23.064683+00:00,113.00699999999999,True,False,False,False,True,False,True,False,True,False,False,False,False,False,False,False,False,False,True,False,False,False,False,False,True,True,False,False,True,True,False,False,False,False,False,False,False,True,False,True,True,False,False,True,True,True,False,False,False,True,False,True,False,False,False,False,False,False,True,True,True,True,False,True,False,False,False,False,True,True,True,False,False,False,False,False,False,False,False,0,7,0,6
570,2026-09-25T11:41:18.085345+00:00,2026-09-25T13:10:23.427704+00:00,93.006,True,False,False,False,True,False,True,False,True,False,False,False,False,False,False,False,False,False,True,False,False,False,False,True,True,True,False,False,False,True,False,False,False,False,False,False,False,True,False,False,True,False,False,True,False,False,False,False,False,True,False,True,False,False,False,False,False,True,False,True,True,True,False,True,False,False,False,False,True,True,True,False,False,False,False,False,False,False,False,0,79,0,78
571,2026-09-25T11:41:18.470036+00:00,2026-09-25T13:10:23.784724+00:00,87.005,False,False,False,False,True,False,True,False,True,True,False,False,False,False,False,False,False,False,False,False,False,False,False,True,True,True,False,False,False,True,False,False,False,False,False,False,False,True,False,False,True,False,False,True,False,False,False,False,False,True,False,True,False,False,False,False,True,True,False,True,True,True,False,True,False,False,False,False,True,True,True,False,False,False,False,False,False,False,False,0,153,0,149
572,2026-09-25T11:41:18.842756+00:00,2026-09-25T13:10:24.187747+00:00,118.007,False,False,False,False,True,False,True,False,True,True,False,False,False,False,False,False,False,False,False,False,False,False,False,True,True,True,False,False,False,True,False,False,False,False,False,False,False,True,False,False,True,False,False,True,False,False,False,False,False,False,False,True,False,False,False,False,False,False,True,False,True,True,False,True,False,False,False,False,True,True,True,False,False,False,False,False,False,False,False,0,175,0,229
573,2026-09-25T11:41:19.216825+00:00,2026-09-25T13:10:24.560768+00:00,101.005,False,False,False,False,True,False,True,False,True,True,False,False,False,False,False,False,False,False,False,False,False,False,False,True,True,True,False,False,False,True,False,False,False,False,False,False,False,True,False,False,True,False,False,True,False,False,False,False,False,False,False,True,False,False,False,False,False,False,False,False,True,True,False,True,False,False,False,False,True,True,True,False,False,False,False,False,False,False,False,0,175,0,303
574,2026-09-25T11:41:19.596507+00:00,2026-09-25T13:10:24.904788+00:00,89.005,False,False,False,True,True,False,True,False,True,False,False,False,True,False,False,False,False,False,False,False,False,False,False,True,True,True,False,False,False,True,False,False,False,False,False,False,False,True,False,False,True,False,False,True,False,False,False,False,False,False,False,True,False,False,False,False,False,False,False,True,True,True,False,True,False,False,False,False,True,True,True,False,False,False,False,False,False,False,False,0,175,0,372
575,2026-09-25T11:41:19.942067+00:00,2026-09-25T13:10:25.285810+00:00,88.005,False,False,False,True,True,False,True,False,True,False,False,False,True,False,False,False,False,False,False,False,False,False,False,True,True,True,False,False,False,True,False,False,False,False,False,False,False,True,False,False,True,False,False,True,False,False,False,False,False,False,False,True,False,False,False,False,False,False,False,False,True,True,False,True,False,False,False,False,True,True,True,False,False,False,False,False,False,False,False,0,175,0,448
576,2026-09-25T11:41:20.362572+00:00,2026-09-25T13:10:25.630830+00:00,90.006,False,False,False,True,True,False,True,False,True,False,False,False,True,False,False,False,False,False,False,False,False,False,False,True,True,True,False,False,False,True,False,False,False,False,False,False,False,True,False,False,True,False,False,True,False,False,False,False,False,False,False,True,False,False,False,False,False,False,False,True,True,True,False,True,False,False,False,False,True,True,True,False,False,False,False,False,False,False,False,0,175,0,517
577,2026-09-25T11:41:20.742184+00:00,2026-09-25T13:10:26.061854+00:00,99.005,False,False,False,True,True,False,True,False,True,False,False,False,True,False,False,False,False,False,False,False,False,False,False,True,True,True,False,False,False,True,False,False,False,False,False,False,False,True,False,False,True,False,False,True,False,False,False,False,False,False,False,True,False,False,False,False,False,False,True,False,True,True,False,True,False,False,False,False,True,True,True,False,False,False,False,False,False,False,False,0,175,0,603
578,2026-09-25T11:41:21.108206+00:00,2026-09-25T13:10:26.450877+00:00,107.007,False,False,False,False,True,False,True,False,True,True,False,False,False,False,False,False,False,False,False,False,False,False,False,True,True,True,False,True,False,True,False,False,False,False,False,True,False,False,False,False,True,False,False,True,False,False,False,False,False,False,False,True,False,False,False,False,False,False,False,False,True,True,False,True,False,False,False,False,True,True,True,False,False,False,False,False,False,False,False,0,175,0,680
579,2026-09-25T11:41:21.504910+00:00,2026-09-25T13:10:26.842899+00:00,124.007,False,False,False,False,True,False,True,False,True,True,False,False,False,False,False,False,False,False,False,False,False,False,False,True,True,True,False,True,False,True,False,False,False,False,False,True,False,False,False,False,True,False,False,True,False,False,False,False,False,False,False,True,False,False,False,False,False,False,False,True,True,True,False,True,False,False,False,False,True,True,True,False,False,False,False,False,False,False,False,0,175,0,759
580,2026-09-25T11:41:21.931692+00:00,2026-09-25T13:10:27.254923+00:00,147.00900000000001,False,True,False,False,True,False,True,False,True,False,False,False,False,False,False,False,False,False,True,False,False,False,True,True,False,True,False,True,False,True,False,False,False,False,False,True,False,False,False,False,True,False,False,True,False,False,False,False,False,False,False,True,False,False,False,False,False,False,False,True,True,True,False,True,False,False,False,False,True,True,True,False,False,False,False,False,False,False,False,0,175,0,841
581,2026-09-25T11:41:22.347024+00:00,2026-09-25T13:10:27.680947+00:00,94.006,False,True,False,False,True,False,True,False,True,False,False,True,False,False,False,False,False,False,True,False,False,False,False,True,False,True,False,True,False,True,False,False,False,False,False,True,False,False,False,False,True,False,False,True,False,False,False,False,False,False,False,True,False,False,False,False,False,False,False,True,True,True,False,True,False,False,False,False,True,True,True,False,False,False,True,False,False,False,False,0,175,0,926
582,2026-09-25T11:41:22.723935+00:00,2026-09-25T13:10:28.043968+00:00,98.006,False,True,False,False,True,False,True,False,True,False,False,True,False,False,False,False,False,False,True,False,False,False,False,True,False,True,False,True,False,True,False,True,False,False,False,False,False,False,False,False,True,False,True,True,False,False,False,False,False,False,False,True,False,False,False,False,False,False,True,False,True,True,False,True,False,False,False,False,True,True,True,False,False,False,True,False,False,False,False,0,175,0,998
583,2026-09-25T11:41:23.170293+00:00,2026-09-25T13:10:28.416989+00:00,93.00500000000001,False,True,False,False,True,False,True,False,True,False,False,True,False,False,False,False,False,False,True,False,False,False,False,True,True,True,False,True,False,True,False,True,False,False,False,False,False,False,False,False,True,False,True,True,False,False,False,False,False,False,False,True,False,False,False,False,False,False,True,True,True,True,False,True,False,False,False,False,True,True,True,False,False,False,True,False,False,False,False,0,175,0,1070
584,2026-09-25T11:41:23.588339+00:00,2026-09-25T13:10:28.875015+00:00,102.006,False,True,False,False,True,False,True,False,True,False,False,True,False,False,False,False,False,False,True,False,False,False,False,True,True,False,False,True,False,True,False,False,False,False,False,False,False,False,False,False,True,False,True,True,False,False,False,False,False,False,False,True,False,False,False,False,False,False,False,True,True,True,False,True,False,False,False,False,False,True,True,False,False,False,True,False,False,False,False,0,175,0,1163
585,2026-09-25T11:41:24.066108+00:00,2026-09-25T13:10:29.407046+00:00,172.01,False,True,False,False,True,False,True,False,True,False,False,True,False,False,False,False,False,False,True,False,False,False,False,True,True,False,False,True,False,True,False,False,False,False,False,False,False,False,False,False,True,False,True,True,False,False,False,False,False,False,False,True,False,False,False,False,False,False,False,True,True,True,False,True,False,False,False,False,True,True,True,False,False,False,True,False,False,False,False,0,175,0,1268
586,2026-09-25T11:41:24.499766+00:00,2026-09-25T13:10:29.844071+00:00,178.011,False,True,False,False,True,False,True,False,True,False,False,True,False,False,False,False,False,False,True,False,False,False,False,True,True,False,False,True,False,True,False,False,False,False,False,False,False,False,False,False,True,False,True,True,False,False,False,False,False,False,False,False,False,False,False,False,False,False,False,True,True,True,False,True,False,False,False,False,False,True,True,False,False,False,True,False,False,False,False,0,0,0,0
587,2026-09-25T11:41:24.982041+00:00,2026-09-25T13:10:30.236093+00:00,136.00799999999998,False,True,False,False,True,False,True,False,True,False,False,True,False,False,False,False,False,False,True,False,False,False,False,True,True,False,False,True,False,True,False,False,False,False,False,False,False,False,False,False,True,False,True,True,False,False,False,False,False,False,False,False,False,False,False,False,False,False,False,True,True,True,False,True,False,False,False,False,False,True,True,False,False,False,True,False,False,False,False,1,0,0,0
588,2026-09-25T11:41:25.365614+00:00,2026-09-25T13:10:30.710120+00:00,117.007,False,True,False,False,True,False,True,False,True,False,False,True,False,False,False,False,False,False,True,False,False,False,False,True,True,False,False,True,False,True,False,False,False,False,False,False,False,False,False,False,True,False,True,True,False,False,False,False,False,False,False,False,False,False,False,False,False,False,False,True,True,True,False,True,False,False,False,False,True,True,True,False,False,False,True,False,False,False,False,0,0,0,0
589,2026-09-25T11:41:25.822829+00:00,2026-09-25T13:10:31.158146+00:00,186.011,False,True,False,False,True,False,True,False,True,False,False,True,False,False,False,False,False,False,True,False,False,False,False,True,True,False,False,True,False,True,False,False,False,False,False,False,False,False,False,False,True,False,True,False,False,False,False,True,False,False,False,False,False,False,True,True,False,False,False,True,True,True,False,True,False,False,False,False,False,True,True,False,False,False,True,False,False,False,False,0,0,78,0
590,2026-09-25T11:41:26.185555+00:00,2026-09-25T13:10:31.526167+00:00,96.006,False,True,False,False,True,False,True,False,True,False,False,True,False,False,False,False,False,False,True,False,False,False,False,True,True,False,False,True,False,True,False,False,False,False,False,False,False,False,False,False,True,False,True,False,False,False,False,True,False,False,False,False,True,True,False,True,False,False,False,True,True,True,False,True,False,False,False,False,False,True,True,False,False,False,True,False,False,False,False,0,0,0,0
591,2026-09-25T11:41:26.647017+00:00,2026-09-25T13:10:31.977193+00:00,100.006,False,True,False,False,True,False,True,False,True,False,False,True,False,False,False,False,False,False,True,False,False,False,False,True,True,False,False,True,False,True,False,False,False,False,False,False,False,False,False,False,True,False,True,False,False,False,True,False,False,False,False,False,True,True,False,False,False,False,False,True,True,True,False,True,False,False,False,False,True,True,True,False,False,False,True,False,False,False,False,1,0,0,0
592,2026-09-25T11:41:27.043200+00:00,2026-09-25T13:10:32.339213+00:00,93.00500000000001,False,True,False,False,True,False,True,False,True,False,False,True,False,False,False,False,False,False,True,False,False,False,False,True,True,False,False,True,False,True,False,False,False,False,False,False,False,False,False,False,True,False,True,False,False,False,True,False,False,False,False,False,True,True,True,False,False,False,False,True,True,True,False,True,False,False,False,False,False,True,True,False,False,False,True,False,False,False,False,0,0,0,0
593,2026-09-25T11:41:27.475177+00:00,2026-09-25T13:10:32.732236+00:00,90.005,False,True,False,False,True,False,True,False,True,False,False,True,False,False,False,False,False,False,True,False,False,False,False,True,True,False,False,True,False,True,False,False,False,False,False,False,False,False,False,False,True,False,True,True,False,False,False,False,True,False,False,False,True,True,True,False,True,False,False,True,True,True,False,True,False,False,False,False,True,True,True,False,False,False,True,False,False,False,False,0,0,0,0
594,2026-09-25T11:41:27.873890+00:00,2026-09-25T13:10:33.188262+00:00,94.006,False,True,False,False,True,False,True,False,True,False,False,True,False,False,False,False,False,False,True,False,False,False,False,True,True,False,False,True,False,True,False,False,False,False,False,False,False,False,False,False,True,False,True,True,False,False,False,False,True,False,False,False,True,True,True,False,False,True,False,True,True,True,False,True,False,False,False,False,True,True,True,False,False,False,True,False,False,False,False,0,0,0,0
595,2026-09-25T11:41:28.232279+00:00,2026-09-25T13:10:33.575284+00:00,100.006,False,True,False,False,True,False,True,False,True,False,False,True,False,False,False,False,False,False,True,False,False,False,False,True,True,False,False,True,False,True,False,False,True,False,False,False,False,False,False,False,True,False,True,True,False,False,False,False,False,True,True,False,True,True,True,False,True,True,False,True,True,True,False,True,False,False,False,False,True,True,True,False,False,False,True,False,False,False,False,0,40,0,47
596,2026-09-25T11:41:28.593966+00:00,2026-09-25T13:10:33.929304+00:00,96.005,False,True,False,False,True,False,True,False,True,False,False,True,False,False,False,False,False,False,True,False,False,False,False,True,True,True,False,True,False,True,False,False,True,False,False,False,False,False,False,False,True,False,True,True,False,False,False,False,False,True,True,False,True,True,True,False,False,False,False,False,True,True,False,True,False,False,False,False,True,True,True,False,False,False,True,False,False,False,False,0,116,0,127
597,2026-09-25T11:41:28.941430+00:00,2026-09-25T13:10:34.283325+00:00,91.006,False,True,False,False,True,False,True,False,True,False,False,True,False,False,False,False,False,False,True,False,False,False,False,True,False,True,False,True,False,True,False,False,False,False,False,False,True,False,False,False,True,False,True,True,False,False,False,False,False,True,True,False,True,True,True,False,True,False,True,True,True,True,False,True,False,False,False,False,True,True,True,False,False,False,True,False,False,False,False,1,189,0,208
598,2026-09-25T11:41:29.295923+00:00,2026-09-25T13:10:34.634345+00:00,88.005,False,True,False,False,True,False,True,False,True,False,False,True,False,False,False,False,False,False,True,False,False,False,False,True,False,True,False,True,False,True,False,False,False,False,False,False,True,False,False,False,True,False,True,True,False,False,False,False,False,True,True,False,True,True,True,False,True,True,True,False,True,True,False,True,False,False,False,False,True,True,True,False,False,False,True,False,False,False,False,0,261,0,288
599,2026-09-25T11:41:29.748594+00:00,2026-09-25T13:10:35.039368+00:00,118.007,False,True,False,False,True,False,True,False,True,False,False,True,False,False,False,False,False,False,True,False,False,False,False,True,False,True,False,False,False,True,False,False,False,False,False,False,False,False,True,False,True,False,False,True,False,False,False,False,False,True,True,False,True,True,True,False,False,False,False,False,True,True,False,True,False,False,False,False,True,True,True,False,False,False,True,False,False,False,False,0,345,0,380
600,2026-09-25T11:41:30.152341+00:00,2026-09-25T13:10:35.493394+00:00,100.006,False,True,False,False,True,False,True,False,True,False,False,True,False,False,False,False,False,False,True,False,False,False,False,True,True,True,False,False,False,True,False,False,False,False,False,False,False,False,True,False,True,False,False,True,False,False,False,False,False,True,False,False,True,True,True,False,False,False,False,True,True,True,False,True,False,False,False,False,True,True,True,False,False,False,True,False,False,False,False,0,439,0,457
601,2026-09-25T11:41:30.574308+00:00,2026-09-25T13:10:35.912418+00:00,91.006,False,True,False,False,True,False,True,False,True,False,False,True,False,False,False,False,False,False,True,False,False,False,False,True,True,True,False,False,False,True,False,False,False,False,False,False,False,False,True,False,True,False,False,True,False,False,False,False,False,True,False,False,True,True,True,False,True,True,False,True,True,True,False,True,False,False,False,False,False,True,True,False,False,False,True,False,False,False,False,0,526,0,457
602,2026-09-25T11:41:30.940078+00:00,2026-09-25T13:10:36.277439+00:00,90.006,False,True,False,False,True,False,True,False,True,False,False,True,False,False,False,False,False,False,True,False,False,False,False,True,True,True,False,False,False,True,False,False,False,False,False,False,False,False,True,False,True,False,False,True,False,False,False,False,False,True,False,False,True,True,True,False,False,False,False,True,True,True,False,True,False,False,False,False,False,True,True,False,False,False,True,False,False,False,False,0,601,0,457
603,2026-09-25T11:41:31.314832+00:00,2026-09-25T13:10:36.659460+00:00,89.005,False,True,False,False,True,False,True,False,True,False,False,True,False,False,False,False,False,False,True,False,False,False,False,True,True,True,False,False,False,True,False,False,False,False,False,False,False,False,True,False,True,False,False,True,False,False,False,False,False,True,False,False,True,True,True,False,False,False,False,True,True,True,False,True,False,False,False,False,False,True,True,False,False,False,True,False,False,False,False,0,680,0,457
604,2026-09-25T11:41:31.709703+00:00,2026-09-25T13:10:37.045482+00:00,100.005,False,True,False,False,True,False,True,False,True,False,False,True,False,False,False,False,False,False,True,False,False,False,False,True,True,True,False,False,False,True,False,False,False,False,False,False,False,False,True,False,True,False,False,True,False,False,False,False,False,True,False,False,True,True,True,False,False,False,False,True,True,True,False,True,False,False,False,False,False,True,True,False,False,False,True,False,False,False,False,0,760,0,457
605,2026-09-25T11:41:32.052163+00:00,2026-09-25T13:10:37.396503+00:00,87.005,False,True,False,False,True,False,True,False,True,False,False,True,False,False,False,False,False,False,True,False,False,False,False,True,True,True,False,False,False,True,False,False,False,False,False,False,False,False,True,False,True,False,False,True,False,False,False,False,False,True,False,False,True,True,True,False,False,True,False,True,True,True,False,True,False,False,False,False,True,True,True,False,False,False,True,False,False,False,False,0,832,0,457
606,2026-09-25T11:41:32.476754+00:00,2026-09-25T13:10:37.821527+00:00,95.006,False,True,False,False,True,False,True,False,True,False,False,True,False,False,False,False,False,False,True,False,False,False,False,True,True,True,False,False,False,True,False,False,False,False,False,False,False,False,True,False,True,False,False,False,False,False,False,True,False,False,False,False,True,True,True,False,False,True,False,True,True,True,False,True,False,False,False,False,False,True,True,False,False,False,True,False,False,False,False,0,0,46,0
607,2026-09-25T11:41:32.899516+00:00,2026-09-25T13:10:38.176547+00:00,93.00500000000001,False,True,False,False,True,False,True,False,True,False,False,True,False,False,False,False,False,False,True,False,False,False,False,True,True,True,False,False,True,True,False,False,False,False,False,False,True,False,False,False,True,False,True,False,False,False,False,True,False,False,False,False,True,True,True,True,False,True,False,True,True,True,False,True,False,False,False,False,False,True,True,False,False,False,True,False,False,False,False,0,0,122,0
608,2026-09-25T11:41:33.252200+00:00,2026-09-25T13:10:38.594571+00:00,96.005,False,True,False,False,True,False,True,False,True,False,False,True,False,False,False,False,False,False,True,False,False,False,False,True,True,True,False,False,True,True,False,False,False,False,False,False,True,False,False,False,True,False,False,False,False,False,False,True,False,False,False,False,True,True,False,False,False,True,False,True,True,True,False,True,False,False,False,False,False,True,True,False,False,False,True,False,False,False,False,1,0,211,0
609,2026-09-25T11:41:33.618304+00:00,2026-09-25T13:10:38.960592+00:00,92.00500000000001,False,True,False,False,True,False,True,False,True,False,False,True,False,False,False,False,False,False,True,False,False,False,False,True,True,True,False,False,True,True,False,False,False,False,False,False,True,False,False,False,True,False,False,False,False,False,False,True,False,False,False,False,True,True,True,True,False,True,False,True,True,True,False,True,False,False,False,False,False,True,True,False,False,False,True,False,False,False,False,0,0,290,0
610,2026-09-25T11:41:33.989554+00:00,2026-09-25T13:10:39.333613+00:00,116.006,False,True,False,False,True,False,True,False,True,False,False,True,False,False,False,False,False,False,True,False,False,False,False,True,True,True,False,False,True,True,False,False,False,False,False,False,True,False,False,False,True,False,False,False,False,False,False,True,False,False,False,False,True,True,True,False,False,True,False,True,True,True,False,True,False,False,False,False,False,True,True,False,False,False,True,False,False,False,False,0,0,370,0
611,2026-09-25T11:41:34.438065+00:00,2026-09-25T13:10:39.771638+00:00,169.009,False,True,False,False,True,False,True,False,False,False,False,True,False,False,False,False,False,False,True,False,False,False,False,True,True,True,False,False,True,True,False,False,False,False,False,False,True,False,False,False,True,False,True,False,False,False,False,True,False,False,False,False,True,True,False,False,False,True,False,True,True,True,False,True,False,False,False,False,True,True,True,False,False,False,True,False,False,False,False,0,0,464,0
612,2026-09-25T11:41:34.870774+00:00,2026-09-25T13:10:40.213664+00:00,174.01,False,True,False,False,True,False,True,False,False,False,False,True,False,False,False,False,False,False,True,False,False,False,False,True,True,True,False,False,True,True,False,False,False,False,False,False,True,False,False,False,True,False,False,False,False,False,True,False,False,False,False,False,False,False,False,True,False,True,False,True,True,True,False,True,False,False,False,False,True,True,True,False,False,False,True,False,False,False,False,0,0,0,0
613,2026-09-25T11:41:35.229816+00:00,2026-09-25T13:10:40.569684+00:00,91.005,False,True,False,False,True,False,True,False,False,False,False,True,False,False,False,False,False,False,True,False,False,False,False,True,True,True,False,False,True,True,False,False,False,False,False,False,True,False,False,False,True,True,False,False,False,False,True,False,True,False,False,False,False,False,True,False,False,False,False,True,True,True,False,True,False,False,False,False,True,True,True,False,False,False,True,False,False,False,False,0,0,0,0
614,2026-09-25T11:41:35.603281+00:00,2026-09-25T13:10:40.921704+00:00,93.00500000000001,False,True,False,False,True,False,True,False,False,False,False,True,False,False,False,False,False,False,True,False,False,False,False,True,True,True,False,False,True,True,False,False,False,False,False,False,True,False,False,False,True,False,True,False,False,False,True,False,True,False,False,False,False,False,False,True,False,False,False,True,True,True,False,True,False,False,False,False,True,True,True,False,False,False,True,False,False,False,False,0,0,0,0
615,2026-09-25T11:41:35.972973+00:00,2026-09-25T13:10:41.287725+00:00,86.005,False,True,False,False,True,False,True,False,False,False,False,True,False,False,False,False,False,False,True,False,False,False,False,True,True,True,False,False,True,True,False,False,False,False,False,False,True,False,False,False,True,False,True,False,False,False,True,False,True,False,False,False,False,False,False,False,False,True,False,True,True,True,False,True,False,False,False,False,True,True,True,False,False,False,True,False,False,False,False,0,0,0,0
616,2026-09-25T11:41:36.349404+00:00,2026-09-25T13:10:41.693748+00:00,93.00500000000001,False,True,False,False,True,False,True,False,False,False,False,True,False,False,False,False,False,False,True,False,False,False,False,False,True,True,False,False,True,True,False,False,False,True,False,True,False,False,False,False,True,True,True,False,False,False,True,False,True,False,False,False,False,False,True,False,False,False,False,True,True,True,False,True,False,False,False,False,True,True,True,False,False,False,True,False,False,False,False,0,0,0,0
617,2026-09-25T11:41:36.745217+00:00,2026-09-25T13:10:42.049769+00:00,99.006,False,True,False,False,True,False,True,False,False,False,False,True,False,False,False,False,False,False,True,False,False,False,False,False,True,True,False,False,True,True,False,False,False,True,False,True,False,False,False,False,True,True,True,False,False,False,True,False,True,False,False,False,False,False,False,False,False,True,False,True,True,True,False,True,False,False,False,False,True,True,True,False,False,False,True,False,False,False,False,0,0,0,0
618,2026-09-25T11:41:37.088956+00:00,2026-09-25T13:10:42.429790+00:00,85.00399999999999,False,True,False,False,True,False,True,False,False,False,False,True,False,False,False,False,False,False,True,False,False,False,False,False,True,True,False,False,True,True,False,False,False,True,False,True,False,False,False,False,True,True,False,False,False,False,True,False,True,False,False,False,False,False,False,True,True,False,False,True,True,True,False,True,False,False,False,False,True,True,True,False,False,False,True,False,False,False,False,0,0,0,0
619,2026-09-25T11:41:37.461595+00:00,2026-09-25T13:10:42.805812+00:00,90.005,False,True,False,False,True,False,True,False,False,False,False,True,False,False,False,False,False,False,True,False,False,False,False,False,True,True,False,False,True,True,False,False,False,True,False,True,False,False,False,False,True,False,False,False,False,False,True,False,True,False,False,False,False,False,False,True,False,True,False,True,True,True,False,True,False,False,False,False,True,True,True,False,False,False,True,False,False,False,False,0,0,0,0
620,2026-09-25T11:41:37.878103+00:00,2026-09-25T13:10:43.220836+00:00,93.006,False,True,False,False,True,False,True,False,False,False,False,True,False,False,False,False,False,False,True,False,False,False,False,False,True,True,False,False,True,True,False,False,False,True,False,True,False,False,False,True,False,False,False,True,False,False,False,False,True,False,False,False,False,False,False,False,False,True,False,True,True,True,False,True,False,False,False,False,True,True,True,False,False,False,True,False,False,False,False,0,0,0,0
621,2026-09-25T11:41:38.243001+00:00,2026-09-25T13:10:43.570856+00:00,91.005,False,True,False,False,True,False,True,False,False,False,False,True,False,False,False,False,False,False,True,False,False,False,False,False,True,True,False,False,True,True,False,False,False,True,False,False,False,False,False,True,True,False,True,True,False,False,False,False,True,False,False,False,False,False,False,False,False,True,False,True,True,True,False,True,False,False,False,False,True,True,True,False,False,False,True,False,False,False,False,0,0,0,0
622,2026-09-25T11:41:38.633274+00:00,2026-09-25T13:10:43.967878+00:00,104.006,False,True,False,False,True,False,True,False,False,False,False,True,False,False,False,False,False,False,True,False,False,False,False,False,True,True,False,False,True,True,False,False,False,True,False,False,False,False,False,True,False,False,True,True,False,False,False,False,True,False,False,False,False,False,False,False,True,False,False,True,True,True,False,True,False,False,False,False,True,True,True,False,False,False,True,False,False,False,False,0,0,0,0
623,2026-09-25T11:41:38.995905+00:00,2026-09-25T13:10:44.323899+00:00,93.006,False,True,False,False,True,False,True,False,False,False,False,True,False,False,False,False,False,False,True,False,False,False,False,False,True,True,False,False,True,True,False,False,False,True,False,False,False,False,False,True,False,False,True,True,False,False,False,False,True,False,False,False,False,False,False,False,True,False,False,True,True,True,False,True,False,False,False,False,True,True,True,False,False,False,True,False,False,False,False,0,0,0,0
624,2026-09-25T11:41:39.341859+00:00,2026-09-25T13:10:44.685919+00:00,92.00500000000001,False,True,False,False,True,False,True,False,False,False,False,True,False,False,False,False,False,False,True,False,False,False,False,False,True,True,False,False,True,True,False,False,False,True,False,False,False,False,False,False,True,False,True,True,False,False,False,False,True,False,False,False,False,False,False,False,True,False,False,True,True,True,False,True,False,False,False,False,False,True,True,False,False,False,True,False,False,False,False,0,0,0,0
625,2026-09-25T11:41:39.717301+00:00,2026-09-25T13:10:45.039940+00:00,89.005,False,True,False,False,True,False,True,False,False,False,False,True,False,False,False,False,False,False,True,False,False,False,False,False,True,True,False,False,True,True,False,False,False,True,False,False,False,False,False,False,True,False,True,True,False,False,False,False,True,False,False,False,False,False,False,False,False,True,False,True,True,True,False,True,False,False,False,False,False,True,True,False,False,False,True,False,False,False,False,1,0,0,0
626,2026-09-25T11:41:40.075744+00:00,2026-09-25T13:10:45.409961+00:00,94.00500000000001,False,True,False,False,True,False,True,False,False,False,False,True,False,False,False,False,False,False,True,False,False,False,False,False,True,True,False,False,True,True,False,False,False,True,False,False,False,False,False,True,False,False,True,True,True,False,False,False,False,False,True,False,False,False,False,False,False,True,False,False,True,True,False,True,False,False,False,False,False,True,True,False,False,False,True,False,False,False,False,0,0,0,0
627,2026-09-25T11:41:40.457195+00:00,2026-09-25T13:10:45.798983+00:00,106.006,False,True,False,False,True,False,True,False,False,False,False,True,False,False,False,False,False,False,True,False,False,False,False,False,True,True,False,False,True,True,False,False,False,True,False,False,False,False,False,False,False,False,True,True,True,False,False,False,False,False,True,False,False,False,False,False,False,True,True,True,True,True,False,True,False,False,False,False,False,True,True,False,False,False,True,False,False,False,False,1,0,0,0
628,2026-09-25T11:41:40.856430+00:00,2026-09-25T13:10:46.177005+00:00,96.006,False,True,False,False,True,False,True,False,False,False,False,True,False,False,False,False,False,False,True,False,False,False,False,False,True,True,False,False,True,True,False,False,False,True,False,False,False,False,False,False,True,False,True,True,True,False,False,False,False,False,True,False,False,False,False,False,False,True,False,False,True,True,False,True,False,False,False,False,False,True,True,False,False,False,True,False,False,False,False,0,0,0,0
629,2026-09-25T11:41:41.297707+00:00,2026-09-25T13:10:46.637031+00:00,178.01,False,True,False,False,True,False,True,False,False,False,False,True,False,False,False,False,False,False,True,False,False,False,False,False,True,True,False,False,True,True,False,False,False,True,False,False,False,False,False,False,True,False,True,True,True,False,False,False,False,False,True,False,False,False,False,False,False,True,False,False,True,True,False,True,False,False,False,False,True,True,True,False,False,False,True,False,False,False,False,0,0,0,0
630,2026-09-25T11:41:41.655064+00:00,2026-09-25T13:10:46.988051+00:00,92.00500000000001,False,True,False,False,True,False,True,False,False,False,False,True,False,False,False,False,False,False,True,False,False,False,False,False,True,True,False,False,True,True,False,False,False,True,False,False,False,False,False,True,False,False,True,True,True,False,False,False,False,False,True,False,False,False,False,False,False,True,False,False,True,True,False,True,False,False,False,False,True,True,True,False,False,False,True,False,False,False,False,0,0,0,0
631,2026-09-25T11:41:42.038814+00:00,2026-09-25T13:10:47.377073+00:00,95.00500000000001,False,True,False,False,True,False,True,False,False,False,False,True,False,False,False,False,False,False,True,False,False,False,False,False,True,True,False,False,True,True,False,False,False,True,False,False,False,False,False,True,False,False,True,True,True,False,False,False,False,False,True,False,False,False,False,False,False,True,False,False,True,True,False,True,False,False,False,False,True,True,True,False,False,False,True,False,False,False,False,0,0,0,0
632,2026-09-25T11:41:42.407307+00:00,2026-09-25T13:10:47.749095+00:00,110.00699999999999,False,True,False,False,True,False,True,False,False,False,False,True,False,False,False,False,False,False,True,False,False,False,False,False,True,True,False,False,True,True,False,False,False,True,False,False,False,False,False,True,False,False,True,True,True,False,False,False,False,False,True,False,False,False,False,False,False,True,True,True,True,True,False,True,False,False,False,False,True,True,True,False,False,False,True,False,False,False,False,0,0,0,0
633,2026-09-25T11:41:42.892611+00:00,2026-09-25T13:10:48.183120+00:00,137.00799999999998,False,True,False,False,True,False,True,False,False,False,False,True,False,False,False,False,False,False,True,False,False,False,False,False,True,True,False,False,True,True,False,False,False,True,False,False,False,False,False,True,False,False,True,True,True,False,False,False,False,False,True,False,False,False,False,False,False,True,False,False,True,True,False,True,False,False,False,False,True,True,True,False,False,False,True,False,False,False,False,0,0,0,0
634,2026-09-25T11:41:43.253817+00:00,2026-09-25T13:10:48.594143+00:00,103.006,False,True,False,False,True,False,True,False,False,False,False,True,False,False,False,False,False,False,True,False,False,False,False,False,True,True,False,False,True,True,False,False,False,True,False,False,False,False,False,False,True,False,True,True,True,False,False,False,False,False,True,False,False,False,False,False,False,True,False,False,True,True,False,True,False,False,False,False,True,True,True,False,False,False,True,False,False,False,False,0,0,0,0
635,2026-09-25T11:41:43.675047+00:00,2026-09-25T13:10:49.003166+00:00,95.00500000000001,False,True,False,False,True,False,True,False,False,False,False,True,False,False,False,False,False,False,True,False,False,False,False,False,True,True,False,False,True,True,False,False,False,True,False,False,False,False,False,False,True,False,True,True,True,True,False,False,False,False,False,False,False,False,False,False,False,True,False,False,True,True,False,True,False,False,False,False,False,True,True,False,False,False,True,False,False,False,False,0,0,0,0
636,2026-09-25T11:41:44.038386+00:00,2026-09-25T13:10:49.374188+00:00,101.006,False,True,False,False,True,False,True,False,False,False,False,True,False,False,False,False,False,False,True,False,False,False,False,False,True,True,False,False,True,True,False,False,False,False,False,False,False,True,False,True,False,False,True,True,True,True,False,False,False,False,False,False,False,False,False,False,False,True,False,False,True,True,False,True,False,False,False,False,False,True,True,False,False,False,True,False,False,False,False,0,0,0,0
637,2026-09-25T11:41:44.478009+00:00,2026-09-25T13:10:49.752209+00:00,112.006,False,True,False,False,True,False,True,False,False,False,False,True,False,False,False,False,False,False,True,False,False,False,False,False,True,True,False,False,False,True,False,False,False,False,False,False,False,True,False,True,False,False,True,True,True,True,False,False,False,False,False,False,False,False,False,False,False,True,False,False,True,True,False,True,False,False,False,False,False,True,True,False,False,False,True,False,False,False,False,0,0,0,0
638,2026-09-25T11:41:44.989789+00:00,2026-09-25T13:10:50.333243+00:00,174.01,False,True,False,False,True,False,True,False,False,False,False,True,False,False,False,False,False,False,True,False,False,False,False,False,True,True,False,False,False,True,False,False,False,False,False,False,False,True,False,True,False,False,True,True,True,True,False,False,False,False,False,False,False,False,False,False,False,True,False,False,True,True,False,True,False,False,False,False,False,True,True,False,False,False,True,False,False,False,False,0,0,0,0
639,2026-09-25T11:41:45.352479+00:00,2026-09-25T13:10:50.693263+00:00,104.006,False,True,False,False,True,False,True,False,False,False,False,True,False,False,False,False,False,False,True,False,False,False,False,False,True,True,False,False,False,True,False,False,False,False,False,False,False,True,False,True,False,False,True,True,True,True,False,False,False,False,False,False,False,False,False,False,False,True,False,False,True,True,False,True,False,False,False,False,False,True,True,False,False,False,True,False,False,False,False,0,0,0,0
640,2026-09-25T11:41:45.779943+00:00,2026-09-25T13:10:51.062284+00:00,92.00500000000001,False,True,False,False,True,False,True,False,False,False,False,True,False,False,False,False,False,False,True,False,False,False,False,False,True,True,False,False,False,True,False,False,False,False,False,False,False,True,False,True,False,False,True,True,True,True,False,False,False,False,False,False,False,False,False,False,False,True,False,False,True,True,False,True,False,False,False,False,False,True,True,False,False,False,True,False,False,False,False,0,0,0,0
641,2026-09-25T11:41:46.198394+00:00,2026-09-25T13:10:51.489309+00:00,92.006,False,True,False,False,True,False,True,False,False,False,False,True,False,False,False,False,False,False,True,False,False,False,False,False,True,True,False,False,False,True,False,False,False,False,False,False,False,True,False,True,False,False,True,True,True,True,False,False,False,False,False,False,False,False,False,False,False,True,False,False,True,True,False,True,False,False,False,False,False,True,True,False,False,False,True,False,False,False,False,0,0,0,0
642,2026-09-25T11:41:46.669531+00:00,2026-09-25T13:10:51.887331+00:00,89.005,False,True,False,False,True,False,True,False,False,False,False,True,False,False,False,False,False,False,True,False,False,False,False,False,True,True,False,False,False,True,False,False,False,False,False,False,False,True,False,True,False,False,True,True,True,True,False,False,False,False,False,False,False,False,False,False,False,True,False,False,True,True,False,True,False,False,False,False,True,True,True,False,False,False,True,False,False,False,False,0,0,0,0
643,2026-09-25T11:41:47.021772+00:00,2026-09-25T13:10:52.363359+00:00,92.006,False,True,False,False,True,False,True,False,False,False,False,True,False,False,False,False,False,False,True,False,False,False,False,False,True,True,False,False,False,True,False,False,False,False,False,False,False,True,False,True,False,False,True,True,True,True,False,False,False,False,False,False,False,False,False,False,False,True,False,False,True,True,False,True,False,False,False,False,True,True,True,False,False,False,True,False,False,False,False,0,0,0,0
644,2026-09-25T11:41:47.464246+00:00,2026-09-25T13:10:52.806384+00:00,100.006,False,True,False,False,True,False,True,False,False,False,False,True,False,False,False,False,False,False,True,False,False,False,False,False,True,True,False,True,False,True,False,False,False,False,False,True,False,False,False,True,False,False,False,True,True,True,False,False,False,False,False,False,False,False,False,False,False,True,False,False,True,True,False,True,False,False,False,False,False,True,True,False,False,False,True,False,False,False,False,0,0,0,0
645,2026-09-25T11:41:47.851907+00:00,2026-09-25T13:10:53.188406+00:00,125.007,False,True,False,False,True,False,True,False,False,False,False,False,False,False,False,False,False,False,False,False,False,False,False,False,True,True,False,False,False,True,False,False,False,False,False,False,False,False,True,True,False,True,False,True,True,True,False,False,False,False,False,False,False,False,False,False,False,True,False,False,True,True,False,True,False,False,False,False,False,False,True,False,False,False,True,False,False,False,False,0,0,0,0
646,2026-09-25T11:41:48.201322+00:00,2026-09-25T13:10:53.544426+00:00,93.00500000000001,False,False,False,False,True,False,True,False,False,False,True,False,False,False,False,False,False,False,False,False,False,False,False,False,True,True,False,False,False,True,False,False,False,False,False,False,False,False,True,True,False,True,False,True,True,True,False,False,False,False,False,False,False,False,False,False,False,True,False,False,True,True,False,True,False,False,False,False,False,False,True,False,False,False,True,False,False,False,False,0,0,0,0
647,2026-09-25T11:41:48.573911+00:00,2026-09-25T13:10:53.898446+00:00,99.005,False,False,False,False,True,False,True,False,False,False,True,False,False,False,False,False,False,False,False,False,False,False,False,False,True,True,False,False,False,True,False,False,False,False,False,False,False,False,True,True,False,True,False,True,True,True,False,False,False,False,False,False,False,False,False,False,False,True,False,False,True,True,False,True,False,False,False,False,True,True,True,False,False,False,True,False,False,False,False,0,0,0,0
648,2026-09-25T11:41:48.925498+00:00,2026-09-25T13:10:54.261467+00:00,89.005,False,False,False,False,True,False,True,False,False,False,True,False,False,False,False,False,False,False,False,False,False,False,False,False,True,True,False,False,False,True,False,False,False,False,False,False,False,False,True,True,False,True,False,True,True,True,False,False,False,False,False,False,False,False,False,False,False,True,False,False,True,True,False,True,False,False,False,False,True,True,True,False,False,False,True,False,False,False,False,0,0,0,0
649,2026-09-25T11:41:49.284195+00:00,2026-09-25T13:10:54.619488+00:00,88.005,False,False,False,False,True,False,True,False,False,False,True,False,False,False,False,False,False,False,False,False,False,False,False,False,True,True,False,False,False,True,False,False,False,False,False,False,False,False,True,True,False,True,False,True,True,True,False,False,False,False,False,False,False,False,False,False,False,True,False,False,True,True,False,True,False,False,False,False,True,True,True,False,False,False,True,False,False,False,False,0,0,0,0
650,2026-09-25T11:41:49.687090+00:00,2026-09-25T13:10:55.002510+00:00,114.00699999999999,False,False,False,False,True,False,True,False,False,False,False,False,False,False,False,False,False,False,True,False,False,True,False,False,True,True,False,False,False,True,False,False,False,False,False,False,False,False,True,True,False,True,False,True,True,True,False,False,False,False,False,False,False,False,False,False,False,True,False,False,True,True,False,True,False,False,False,False,True,True,True,False,False,False,True,False,False,False,False,55,0,0,0
651,2026-09-25T11:41:50.034931+00:00,2026-09-25T13:10:55.376531+00:00,91.005,True,False,False,False,True,False,True,False,False,False,False,False,False,False,False,False,False,False,True,False,False,True,False,False,True,True,False,False,False,True,False,False,False,False,False,False,False,False,True,True,False,True,False,True,True,True,False,False,False,False,False,False,False,False,False,False,False,True,False,False,True,True,False,True,False,False,False,False,True,True,True,False,False,False,True,False,False,False,False,0,0,0,0
652,2026-09-25T11:41:50.470065+00:00,2026-09-25T13:10:55.731551+00:00,96.005,True,False,False,False,True,False,True,False,False,False,False,False,False,False,False,False,False,False,True,False,False,True,False,False,True,True,False,False,False,True,False,False,False,False,False,False,False,False,True,True,False,True,False,True,True,True,False,False,False,False,False,False,False,False,False,False,False,True,False,False,True,True,False,True,False,False,False,False,True,True,True,False,False,False,True,False,False,False,False,0,0,0,0
653,2026-09-25T11:41:50.857480+00:00,2026-09-25T13:10:56.187577+00:00,89.005,True,False,False,False,True,False,True,False,False,False,False,False,False,False,False,False,False,False,True,False,False,True,False,False,True,True,False,False,True,True,False,False,False,True,False,False,False,False,False,False,True,True,False,True,True,True,False,False,False,False,False,False,False,False,False,False,False,True,False,False,True,True,False,True,False,False,False,False,False,True,True,False,False,False,True,False,False,False,False,0,0,0,0
654,2026-09-25T11:41:51.207748+00:00,2026-09-25T13:10:56.547598+00:00,89.005,True,False,False,False,True,False,True,False,False,False,False,False,False,True,False,False,False,False,True,False,False,True,False,False,True,True,False,False,True,True,False,False,False,True,False,False,False,False,False,True,False,True,False,True,True,True,False,False,False,False,False,False,False,False,False,False,False,True,False,False,True,True,False,True,False,False,False,False,True,True,False,False,False,False,True,False,False,False,False,0,0,0,0
655,2026-09-25T11:41:51.549973+00:00,2026-09-25T13:10:56.893618+00:00,89.005,True,False,False,False,True,False,False,False,False,False,False,False,False,True,False,False,False,False,True,False,False,True,False,False,True,True,False,False,True,True,False,False,False,True,False,False,False,False,False,True,False,True,False,True,True,True,False,False,False,False,False,False,False,False,False,False,False,True,False,False,True,True,False,True,False,False,False,False,True,True,True,False,False,False,True,False,False,False,False,0,0,0,0
656,2026-09-25T11:41:51.999203+00:00,2026-09-25T13:10:57.311642+00:00,161.01,True,False,False,False,True,False,False,False,True,False,False,False,False,True,False,False,False,False,True,False,False,True,False,False,True,True,False,False,True,True,False,False,False,True,False,False,False,False,False,True,False,True,False,True,True,True,False,False,False,False,False,False,False,False,False,False,False,True,False,False,True,True,False,True,False,False,False,False,False,True,True,False,False,False,True,False,False,False,False,0,0,0,0
657,2026-09-25T11:41:52.359007+00:00,2026-09-25T13:10:57.700664+00:00,102.006,True,False,False,False,True,False,False,False,True,False,False,False,False,True,False,False,False,False,True,False,False,True,False,False,True,True,False,False,True,True,False,False,False,True,False,False,False,False,False,True,False,True,False,True,True,True,False,False,False,False,False,False,False,False,False,False,False,True,False,False,True,True,False,True,False,False,False,False,False,True,True,False,False,False,False,True,False,False,False,1,0,0,0
658,2026-09-25T11:41:52.773374+00:00,2026-09-25T13:10:58.060684+00:00,103.005,True,False,False,False,True,False,False,False,True,False,False,False,False,True,False,False,False,False,True,False,False,True,False,False,True,True,False,False,True,True,False,False,False,True,False,False,False,False,False,False,True,True,False,True,True,True,False,False,False,False,False,False,False,False,False,False,False,True,False,False,True,True,False,True,False,False,False,False,True,True,True,False,False,False,False,True,False,True,False,0,0,0,0
659,2026-09-25T11:41:53.148097+00:00,2026-09-25T13:10:58.485709+00:00,114.00699999999999,True,False,False,False,True,False,False,False,True,False,False,False,False,True,False,False,False,False,True,False,False,True,False,False,True,True,False,False,True,True,False,False,False,True,False,False,False,False,False,False,True,True,False,True,True,True,False,False,False,False,False,False,False,False,False,False,False,True,False,False,True,True,False,True,False,False,False,False,True,True,True,False,False,False,False,False,False,False,False,0,0,0,0
660,2026-09-25T11:41:53.582991+00:00,2026-09-25T13:10:58.866731+00:00,104.006,True,False,False,False,True,True,False,False,True,False,False,False,False,False,False,False,False,False,False,False,False,False,False,False,True,True,False,False,True,True,False,False,False,True,False,False,False,False,False,False,True,True,False,True,True,True,False,False,False,False,False,False,False,False,False,False,False,True,False,False,True,True,False,True,False,False,False,False,True,True,True,False,False,False,False,False,False,False,False,0,0,0,0
661,2026-09-25T11:41:54.031546+00:00,2026-09-25T13:10:59.358759+00:00,170.01,True,False,False,False,True,True,False,False,True,False,False,False,False,False,False,False,False,True,False,False,False,False,False,False,True,True,False,False,True,True,False,False,False,True,False,False,False,False,False,False,True,True,False,True,True,True,False,False,False,False,False,False,False,False,False,False,False,True,False,False,True,True,False,True,False,False,False,False,True,True,True,False,False,False,False,False,False,False,False,0,0,0,0
661,2026-09-25T11:41:54.031546+00:00,2026-09-25T13:10:59.358759+00:00,170.01,True,False,False,False,True,True,False,False,True,False,False,False,False,False,False,False,False,True,False,False,False,False,False,False,True,True,False,False,True,True,False,False,False,True,False,False,False,False,False,False,True,True,False,True,True,True,False,False,False,False,False,False,False,False,False,False,False,True,False,False,True,True,False,True,False,False,False,False,True,True,True,False,False,False,False,False,False,False,False,0,0,0,0
662,2026-09-25T11:41:54.395046+00:00,2026-09-25T13:10:59.737780+00:00,104.006,True,False,False,False,True,True,False,False,True,False,False,False,False,False,False,False,False,True,False,False,False,False,False,False,True,True,False,False,False,True,False,False,False,False,False,False,False,True,False,True,False,True,False,True,True,True,False,False,False,False,False,False,False,False,False,False,False,True,False,False,True,True,False,True,False,False,False,False,True,True,True,False,False,False,False,False,False,False,False,0,0,0,0
663,2026-09-25T11:41:54.763268+00:00,2026-09-25T13:11:00.099801+00:00,107.006,True,False,False,False,True,True,False,False,True,False,False,False,False,False,False,False,False,True,False,False,False,False,False,False,True,True,False,False,False,True,False,False,False,False,False,False,False,True,False,True,False,True,False,True,True,True,False,False,False,False,False,False,False,False,False,False,False,True,False,False,True,True,False,True,False,False,False,False,True,True,True,False,False,False,False,False,False,False,False,0,0,0,0
664,2026-09-25T11:41:55.228057+00:00,2026-09-25T13:11:00.558827+00:00,188.01000000000002,True,False,False,False,True,True,False,False,True,False,False,False,False,False,False,False,False,True,False,False,False,False,False,False,True,True,False,False,False,True,False,False,False,False,False,False,False,True,False,True,False,True,False,True,True,True,False,False,False,False,False,False,False,False,False,False,False,True,False,False,True,True,False,True,False,False,False,False,True,True,True,False,False,False,False,False,False,False,False,1,0,0,0
665,2026-09-25T11:41:55.724556+00:00,2026-09-25T13:11:00.961850+00:00,136.00699999999998,True,False,False,False,True,True,False,False,True,False,False,False,False,False,False,False,False,True,False,False,False,False,False,False,True,True,False,False,False,True,False,False,False,False,False,False,False,True,False,True,False,True,False,True,True,True,False,False,False,False,False,False,False,False,False,False,False,True,False,False,True,True,False,True,False,False,False,False,True,True,True,False,False,False,False,False,False,False,False,0,0,0,0
666,2026-09-25T11:41:56.118773+00:00,2026-09-25T13:11:01.457879+00:00,103.006,True,False,False,False,True,True,False,False,True,False,False,False,False,False,False,False,False,True,False,False,False,False,False,False,True,True,False,False,False,True,False,False,False,False,False,False,False,True,False,True,False,True,False,True,True,True,False,False,False,False,False,False,False,False,False,False,False,True,False,False,True,True,False,True,False,False,False,False,True,True,True,False,False,False,False,False,False,False,False,1,0,0,0
667,2026-09-25T11:41:56.517579+00:00,2026-09-25T13:11:01.822900+00:00,99.006,True,False,False,False,True,True,False,False,True,False,False,False,False,False,False,False,False,True,False,False,False,False,False,False,True,True,False,False,False,True,False,False,False,False,False,False,False,True,False,True,False,True,False,True,True,True,False,False,False,False,False,False,False,False,False,False,False,True,False,False,True,True,False,True,False,False,False,False,True,True,True,False,False,False,False,False,False,False,False,0,0,0,0
668,2026-09-25T11:41:56.867363+00:00,2026-09-25T13:11:02.204922+00:00,88.006,True,False,False,False,True,True,False,False,True,False,False,False,False,False,False,False,False,True,False,False,False,False,False,False,True,True,False,False,False,True,False,False,False,False,False,False,False,True,False,True,False,True,False,True,True,True,False,False,False,False,False,False,False,False,False,False,False,True,False,False,True,True,False,True,False,False,False,False,True,True,True,False,False,False,False,False,False,False,False,0,0,0,0
669,2026-09-25T11:41:57.320701+00:00,2026-09-25T13:11:02.608945+00:00,99.006,True,False,False,False,True,True,False,False,True,False,False,False,False,False,False,False,False,True,False,False,False,False,False,False,True,True,False,False,False,True,False,False,False,False,False,False,False,True,False,True,False,True,False,True,True,True,False,False,False,False,False,False,False,False,False,False,False,True,False,False,True,True,False,True,False,False,False,False,True,True,True,False,False,False,False,False,False,False,False,0,0,0,0
670,2026-09-25T11:41:57.752826+00:00,2026-09-25T13:11:03.013968+00:00,91.005,True,False,False,False,True,True,False,False,True,False,False,False,False,False,False,False,False,True,False,False,False,False,False,False,True,True,False,True,False,True,False,False,False,False,False,False,True,False,False,True,False,True,False,True,True,True,False,False,False,False,False,False,False,False,False,False,False,True,False,False,True,True,False,True,False,False,False,False,True,True,True,False,False,False,False,False,False,False,False,0,0,0,0
671,2026-09-25T11:41:58.139336+00:00,2026-09-25T13:11:03.456993+00:00,104.006,True,False,False,False,True,True,False,False,True,False,False,False,False,False,False,False,False,True,False,False,False,False,False,False,True,True,False,False,False,True,False,False,False,False,False,False,False,False,True,True,False,False,False,True,True,True,False,False,False,False,False,False,False,False,False,False,False,True,False,False,True,True,False,True,False,False,False,False,True,True,True,False,False,False,False,False,False,False,False,0,0,0,0
672,2026-09-25T11:41:58.543123+00:00,2026-09-25T13:11:03.856016+00:00,100.006,True,False,False,False,True,True,False,False,True,False,False,False,False,False,False,False,False,True,False,False,False,False,False,False,True,True,False,False,False,True,False,False,False,False,False,False,False,False,True,True,False,False,False,True,True,True,False,False,False,False,False,False,False,False,False,False,False,True,False,False,True,True,False,True,False,False,False,False,True,True,True,False,False,False,False,False,False,False,False,0,0,0,0
673,2026-09-25T11:41:59.077077+00:00,2026-09-25T13:11:04.406047+00:00,266.015,True,False,False,False,True,True,False,False,True,False,False,False,False,False,True,False,False,False,True,False,False,True,False,False,True,True,False,False,False,True,False,False,False,False,False,False,False,False,True,True,False,False,False,True,True,True,False,False,False,False,False,False,False,False,False,False,False,True,False,False,True,True,False,True,False,False,False,False,True,True,True,False,False,False,False,False,False,False,False,0,0,0,0
674,2026-09-25T11:41:59.474051+00:00,2026-09-25T13:11:04.815071+00:00,102.006,True,False,False,False,True,False,False,False,True,False,False,False,False,False,True,False,False,False,True,False,False,True,False,False,True,True,False,False,False,True,False,False,False,False,False,False,False,False,True,True,False,False,False,True,True,True,False,False,False,False,False,False,False,False,False,False,False,True,False,False,True,True,False,True,False,False,False,False,True,True,True,False,False,False,False,False,False,False,False,0,0,0,0
675,2026-09-25T11:41:59.886285+00:00,2026-09-25T13:11:05.177092+00:00,99.006,True,False,False,False,True,False,False,False,True,False,False,False,False,False,True,False,False,False,True,False,False,True,False,False,True,True,False,False,False,True,False,False,False,False,False,False,False,False,True,True,False,False,False,True,True,True,False,False,False,False,False,False,False,False,False,False,False,True,False,False,True,True,False,True,False,False,False,False,True,True,True,False,False,False,False,False,False,False,False,0,0,0,0
676,2026-09-25T11:42:00.385743+00:00,2026-09-25T13:11:05.626117+00:00,104.006,True,False,False,False,True,False,False,False,True,False,False,False,False,False,True,False,False,False,True,False,False,True,False,False,True,True,False,False,False,True,False,False,False,False,False,False,False,False,True,True,False,False,False,True,True,True,False,False,False,False,False,False,False,False,False,False,False,True,False,False,True,True,False,True,False,False,False,False,True,True,True,False,False,False,False,False,False,False,False,0,0,0,0
677,2026-09-25T11:42:00.813627+00:00,2026-09-25T13:11:06.082143+00:00,96.005,True,False,False,False,True,False,False,False,False,False,False,False,False,False,True,False,False,False,True,False,False,True,False,False,True,True,False,False,False,True,False,False,False,False,False,False,False,False,True,True,False,False,False,True,True,True,False,False,False,False,False,False,False,False,False,False,False,True,False,False,True,True,False,True,False,False,False,False,True,True,True,False,False,False,False,False,False,False,False,0,0,0,0
678,2026-09-25T11:42:01.244169+00:00,2026-09-25T13:11:06.505167+00:00,94.00500000000001,True,False,False,False,False,False,True,False,False,False,False,False,False,False,False,True,False,False,False,False,False,False,False,False,True,True,False,False,True,True,False,False,False,False,True,False,False,False,False,False,True,False,False,True,True,True,False,False,False,False,False,False,False,False,False,False,False,True,False,False,True,True,False,True,False,False,False,False,True,True,True,False,False,False,False,False,False,False,False,0,0,0,0
679,2026-09-25T11:42:01.608606+00:00,2026-09-25T13:11:06.940192+00:00,98.005,True,False,False,False,False,False,True,False,False,False,False,False,False,False,False,True,False,False,False,False,False,False,False,False,True,True,False,False,True,True,False,False,False,False,True,False,False,False,False,True,True,False,False,True,True,True,False,False,False,False,False,False,False,False,False,False,False,True,False,False,True,True,False,True,False,False,False,False,True,True,True,False,False,False,False,False,False,False,False,0,0,0,0
680,2026-09-25T11:42:01.997555+00:00,2026-09-25T13:11:07.317214+00:00,100.006,True,False,False,False,False,False,True,False,False,False,False,False,False,False,False,True,False,False,False,False,False,False,False,False,True,True,False,False,True,True,False,False,False,False,True,False,False,False,False,True,True,False,False,True,True,True,False,False,False,False,False,False,False,False,False,False,False,True,False,False,True,True,False,True,False,False,False,False,True,True,True,False,False,False,False,False,False,False,False,0,0,0,0
681,2026-09-25T11:42:02.378418+00:00,2026-09-25T13:11:07.717237+00:00,101.006,True,False,False,False,False,False,True,False,False,False,False,False,False,False,False,True,False,False,False,False,False,False,False,False,True,True,False,False,True,True,False,False,False,False,True,False,False,False,False,False,False,False,False,True,True,True,False,False,False,False,False,False,False,False,False,False,False,True,False,False,True,True,False,True,False,False,False,False,True,True,True,False,False,False,False,False,False,False,False,0,0,0,0
682,2026-09-25T11:42:02.746697+00:00,2026-09-25T13:11:08.073257+00:00,96.005,True,False,False,False,False,False,True,False,False,False,False,False,False,False,False,True,False,False,False,False,False,False,False,False,True,True,False,False,True,True,False,False,False,False,True,False,False,False,False,True,True,False,False,True,True,True,False,False,False,False,False,False,False,False,False,False,False,True,False,False,True,True,False,True,False,False,False,False,True,True,True,False,False,False,False,False,False,False,False,0,0,0,0
683,2026-09-25T11:42:03.204541+00:00,2026-09-25T13:11:08.482281+00:00,113.00699999999999,True,False,False,False,False,False,True,False,False,False,False,False,False,False,False,True,False,False,False,False,False,False,False,False,True,True,False,False,True,True,False,False,False,False,True,False,False,False,False,True,True,False,False,True,True,True,False,False,False,False,False,False,False,False,False,False,False,True,False,False,True,True,False,True,False,False,False,False,True,True,True,False,False,False,False,False,False,False,False,0,0,0,0
684,2026-09-25T11:42:03.594767+00:00,2026-09-25T13:11:08.927306+00:00,100.006,True,False,False,False,False,False,True,False,False,False,False,False,False,False,False,True,False,False,False,False,False,False,False,False,True,True,False,False,True,True,False,False,False,False,True,False,False,False,False,True,True,False,False,True,True,True,False,False,False,False,False,False,False,False,False,False,False,True,False,False,True,True,False,True,False,False,False,False,True,True,True,False,False,False,False,False,False,False,False,0,0,0,0
685,2026-09-25T11:42:04.025183+00:00,2026-09-25T13:11:09.313328+00:00,115.006,True,False,False,False,False,False,True,False,False,False,False,False,False,False,False,True,False,False,False,False,False,False,False,False,True,True,False,False,True,True,False,False,False,False,True,False,False,False,False,False,True,False,False,True,True,True,False,False,False,False,False,False,False,False,False,False,False,True,False,False,True,True,False,True,False,False,False,False,True,True,True,False,False,False,False,False,False,False,False,1,0,0,0
686,2026-09-25T11:42:04.468007+00:00,2026-09-25T13:11:09.806356+00:00,181.01,True,False,False,False,False,False,True,False,False,False,False,False,False,False,False,True,False,False,False,False,False,False,False,False,True,True,False,False,True,True,False,False,False,False,True,False,False,False,False,True,False,False,False,True,True,True,False,False,False,False,False,False,False,False,False,False,False,True,False,False,True,True,False,True,False,False,False,False,True,True,True,False,False,False,False,False,False,False,False,0,0,0,0
687,2026-09-25T11:42:04.842740+00:00,2026-09-25T13:11:10.175377+00:00,110.006,True,False,False,False,False,False,True,False,False,False,False,False,False,False,False,True,False,False,False,False,False,False,False,False,True,True,False,False,True,True,False,False,False,False,True,False,False,False,False,False,False,False,False,True,True,True,False,False,False,False,False,False,False,False,False,False,False,True,False,False,True,True,False,True,False,False,False,False,True,True,True,False,False,False,False,False,False,False,False,0,0,0,0
688,2026-09-25T11:42:05.305615+00:00,2026-09-25T13:11:10.615403+00:00,176.01,True,False,False,False,False,False,True,False,False,False,False,False,False,False,False,True,False,False,False,False,False,False,False,False,True,True,False,False,True,True,False,False,False,False,True,False,False,False,False,False,False,False,False,True,True,True,False,False,False,False,False,False,False,False,False,False,False,True,False,False,True,True,False,True,False,False,False,False,True,True,True,False,False,False,False,False,False,False,False,0,0,0,0
689,2026-09-25T11:42:05.795481+00:00,2026-09-25T13:11:11.082429+00:00,179.01,True,False,False,False,False,False,True,False,False,False,False,False,False,False,False,True,False,False,False,False,False,False,False,False,True,True,False,False,True,True,False,False,False,False,True,False,False,False,False,True,False,False,False,True,True,True,False,False,False,False,False,False,False,False,False,False,False,True,False,False,True,True,False,True,False,False,False,False,True,True,True,False,False,False,False,False,False,False,False,0,0,0,0
690,2026-09-25T11:42:06.253721+00:00,2026-09-25T13:11:11.529455+00:00,121.007,True,False,False,False,False,False,True,False,False,False,False,False,False,False,False,True,False,False,False,False,False,False,False,False,True,True,False,False,True,True,False,False,False,False,True,False,False,False,False,True,True,False,False,True,True,True,False,False,False,False,False,False,False,False,False,False,False,True,False,False,True,True,False,True,False,False,False,False,True,True,True,False,False,False,False,False,False,False,False,0,0,0,0
691,2026-09-25T11:42:06.699013+00:00,2026-09-25T13:11:11.992481+00:00,134.00699999999998,True,False,False,False,False,False,True,False,False,False,False,False,False,False,False,True,False,False,False,False,False,False,False,False,True,True,False,False,True,True,False,False,False,False,True,False,False,False,False,False,False,False,False,True,True,True,False,False,False,False,False,False,False,False,False,False,False,True,False,False,True,True,False,True,False,False,False,False,True,True,True,False,False,False,False,False,False,False,False,0,0,0,0
692,2026-09-25T11:42:07.130906+00:00,2026-09-25T13:11:12.459508+00:00,88.005,True,False,False,False,False,False,True,False,False,False,False,False,False,False,False,True,False,False,False,False,False,False,False,False,True,True,False,False,True,True,False,False,False,False,True,False,False,False,False,True,True,False,False,True,True,True,False,False,False,False,False,False,False,False,False,False,False,True,False,False,True,True,False,True,False,False,False,False,True,True,True,False,False,False,False,False,False,False,False,0,0,0,0
693,2026-09-25T11:42:07.534405+00:00,2026-09-25T13:11:12.828529+00:00,98.005,True,False,False,False,False,False,True,False,False,False,False,False,False,False,False,True,False,False,False,False,False,False,False,False,True,True,False,False,True,True,False,False,False,False,True,False,False,False,False,False,False,False,False,True,True,True,False,False,False,False,False,False,False,False,False,False,False,True,False,False,True,True,False,True,False,False,False,False,True,True,True,False,False,False,False,False,False,False,False,1,0,0,0
694,2026-09-25T11:42:07.896439+00:00,2026-09-25T13:11:13.231552+00:00,100.006,True,False,False,False,False,False,True,False,False,False,False,False,False,False,False,True,False,False,False,False,False,False,False,False,True,True,False,False,True,True,False,False,False,False,True,False,False,False,False,True,True,False,False,True,True,True,False,False,False,False,False,False,False,False,False,False,False,True,False,False,True,True,False,True,False,False,False,False,True,True,True,False,False,False,False,False,False,False,False,0,0,0,0
695,2026-09-25T11:42:08.263570+00:00,2026-09-25T13:11:13.593573+00:00,94.00500000000001,True,False,False,False,False,False,True,False,False,False,False,False,False,False,False,True,False,False,False,False,False,False,False,False,True,True,False,False,True,True,False,False,False,False,True,False,False,False,False,False,False,False,False,True,True,True,False,False,False,False,False,False,False,False,False,False,False,True,False,False,True,True,False,True,False,False,False,False,True,True,True,False,False,False,False,False,False,False,False,0,0,0,0
